0.01      0.0331372259859196
0.01399      0.0463392023515558
0.017980000000000003      0.059521482428057035
0.021970000000000003      0.07267850463514294
0.025960000000000004      0.08580474895365657
0.029950000000000004      0.09889474584084797
0.033940000000000005      0.11194308496433264
0.037930000000000005      0.124944423724524
0.041920000000000006      0.13789349553665553
0.045910000000000006      0.15078511784499302
0.04990000000000001      0.16361419984347345
0.05389000000000001      0.17637574987878316
0.05788000000000001      0.1890648825137843
0.06187000000000001      0.20167682523119856
0.06586      0.2142069247595463
0.06985000000000001      0.22665065300549334
0.07384      0.2390036125789625
0.07783      0.25126154189960553
0.08182      0.2634203198754777
0.08581000000000001      0.2754759701470043
0.0898      0.28742466489155033
0.09379      0.2992627281860907
0.09778      0.3109866389276071
0.10177000000000001      0.3225930333129059
0.10576      0.33407870688152985
0.10975      0.34544061612733074
0.11374000000000001      0.356675879686055
0.11773000000000002      0.3677817791079715
0.12172000000000001      0.3787557592261267
0.12571000000000002      0.38959542813224224
0.1297      0.40029855677357096
0.13369000000000003      0.4108630781851945
0.13768000000000002      0.4212870863732749
0.14167000000000002      0.4315688348656714
0.14566      0.44170673494709006
0.14965000000000003      0.4516993535965622
0.15364000000000003      0.4615454111455418
0.15763000000000002      0.4712437786752823
0.16162000000000004      0.480793475172396
0.16561000000000003      0.49019366446163326
0.16960000000000003      0.4994436519349307
0.17359000000000002      0.5085428810956972
0.17758000000000002      0.5174909299371198
0.18157000000000004      0.5262875071729974
0.18556000000000003      0.5349324483392567
0.18955000000000002      0.5434257117838714
0.19354000000000005      0.5517673745624111
0.19753000000000004      0.5599576282558825
0.20152000000000003      0.5679967747269278
0.20551000000000003      0.5758852218297782
0.20950000000000002      0.5836234790886852
0.21349000000000004      0.5912121533588198
0.21748000000000003      0.5986519444828946
0.22147000000000003      0.6059436409560008
0.22546000000000005      0.613088115610382
0.22945000000000004      0.6200863213310867
0.23344000000000004      0.6269392868126706
0.23743000000000003      0.6336481123663423
0.24142000000000002      0.6402139657861817
0.24541000000000004      0.6466380782823142
0.24940000000000004      0.6529217404881825
0.25339      0.6590662985483446
0.25738000000000005      0.6650731502925326
0.26137000000000005      0.67094374150103
0.26536000000000004      0.6766795622657926
0.26935000000000003      0.6822821434511039
0.27334      0.6877530532569818
0.27733      0.6930938938879847
0.28132      0.6983062983295392
0.28531000000000006      0.7033919272334116
0.28930000000000006      0.7083524659134769
0.29329000000000005      0.7131896214525041
0.29728000000000004      0.7179051199202621
0.30127000000000004      0.7225007037028834
0.30526000000000003      0.7269781289430656
0.30925      0.7313391630903733
0.3132400000000001      0.7355855825606166
0.31723000000000007      0.7397191705030081
0.32122000000000006      0.7437417146735691
0.32521000000000005      0.7476550054130382
0.32920000000000005      0.7514608337273416
0.33319000000000004      0.7551609894685244
0.33718000000000004      0.7587572596138846
0.34117000000000003      0.7622514266409367
0.34516      0.765645266995711
0.34915000000000007      0.768940549651819
0.35314000000000006      0.7721390347576286
0.35713000000000006      0.7752424723688459
0.36112000000000005      0.7782526012637513
0.36511000000000005      0.7811711478383061
0.36910000000000004      0.7839998250783378
0.37309000000000003      0.7867403316059901
0.3770800000000001      0.789394350797645
0.3810700000000001      0.791963549970521
0.38506000000000007      0.7944495796351875
0.38905000000000006      0.7968540728112513
0.39304000000000006      0.7991786444035187
0.39703000000000005      0.8014248906359684
0.40102000000000004      0.8035943885409275
0.40501000000000004      0.8056886955008828
0.40900000000000003      0.8077093488404306
0.4129900000000001      0.8096578654659085
0.4169800000000001      0.8115357415503349
0.42097000000000007      0.8133444522613295
0.42496000000000006      0.8150854515297642
0.42895000000000005      0.8167601718569595
0.43294000000000005      0.8183700241583066
0.43693000000000004      0.8199163976412704
0.4409200000000001      0.821400659715797
0.4449100000000001      0.8228241559352144
0.4489000000000001      0.8241882099657948
0.45289000000000007      0.8254941235832051
0.45688000000000006      0.8267431766941521
0.46087000000000006      0.8279366273815884
0.46486000000000005      0.8290757119719159
0.46885000000000004      0.830161645122691
0.47284000000000004      0.8311956199293979
0.4768300000000001      0.8321788080499197
0.4808200000000001      0.8331123598454013
0.4848100000000001      0.8339974045362579
0.48880000000000007      0.8348350503721385
0.49279000000000006      0.8356263848147162
0.49678000000000005      0.8363724747322291
0.50077      0.8370743666047493
0.5047600000000001      0.8377330867392127
0.50875      0.8383496414932874
0.5127400000000001      0.8389250175072156
0.51673      0.8394601819427979
0.5207200000000001      0.8399560827287481
0.5247100000000001      0.8404136488116805
0.5287000000000001      0.8408337904120363
0.5326900000000001      0.8412173992842961
0.53668      0.8415653489808637
0.5406700000000001      0.8418784951190424
0.54466      0.8421576756505625
0.5486500000000001      0.8424037111331482
0.55264      0.8426174050036481
0.5566300000000001      0.8427995438522844
0.5606200000000001      0.8429508976975999
0.5646100000000001      0.8430722202617175
0.5686000000000001      0.8431642492455473
0.57259      0.8432277066036044
0.5765800000000001      0.8432632988181236
0.58057      0.8432717171721824
0.5845600000000001      0.843253638021562
0.5885500000000001      0.8432097230650965
0.5925400000000001      0.8431406196132851
0.5965300000000001      0.8430469608549552
0.60052      0.8429293661217819
0.6045100000000001      0.842788441150491
0.6085      0.8426247783425805
0.6124900000000001      0.8424389570214197
0.6164800000000001      0.8422315436865883
0.6204700000000001      0.8420030922653403
0.6244600000000001      0.8417541443610849
0.6284500000000001      0.8414852294987865
0.6324400000000001      0.841196865367205
0.63643      0.8408895580578963
0.6404200000000001      0.8405638023009135
0.64441      0.8402200816971492
0.6484000000000001      0.8398588689472746
0.6523900000000001      0.8394806260772351
0.6563800000000001      0.8390858046602705
0.6603700000000001      0.8386748460354362
0.6643600000000001      0.8382481815226029
0.6683500000000001      0.8378062326339278
0.67234      0.8373494112817853
0.6763300000000001      0.8368781199831592
0.68032      0.8363927520604952
0.6843100000000001      0.8358936918390244
0.6883000000000001      0.835381314840568
0.6922900000000001      0.8348559879738384
0.6962800000000001      0.8343180697212531
0.7002700000000001      0.8337679103222885
0.7042600000000001      0.8332058519533928
0.70825      0.8326322289044874
0.7122400000000001      0.8320473677520885
0.7162300000000001      0.8314515875290788
0.7202200000000001      0.8308451998911619
0.7242100000000001      0.8302285092800407
0.7282000000000001      0.8296018130833508
0.7321900000000001      0.8289654017913923
0.7361800000000001      0.8283195591506983
0.7401700000000001      0.8276645623144822
0.7441600000000002      0.827000681990006
0.7481500000000001      0.8263281825829127
0.7521400000000001      0.8256473223385663
0.7561300000000001      0.8249583534804459
0.7601200000000001      0.8242615223456361
0.7641100000000001      0.823557069517462
0.7681000000000001      0.8228452299553136
0.77209      0.8221262331217046
0.7760800000000001      0.8214003031066142
0.7800700000000002      0.8206676587491555
0.7840600000000001      0.8199285137566202
0.7880500000000001      0.8191830768209426
0.7920400000000001      0.8184315517326307
0.7960300000000001      0.8176741374922109
0.8000200000000001      0.8169110284192312
0.8040100000000001      0.816142414258869
0.808      0.8153684802861878
0.8119900000000001      0.8145894074080893
0.8159800000000001      0.8138053722630042
0.8199700000000001      0.8130165473183664
0.8239600000000001      0.812223100965914
0.8279500000000001      0.8114251976148605
0.8319400000000001      0.8106229977829787
0.8359300000000001      0.8098166581856402
0.8399200000000001      0.8090063318228511
0.8439100000000002      0.8081921680643267
0.8479000000000001      0.8073743127326437
0.8518900000000001      0.8065529081845114
0.8558800000000001      0.8057280933902022
0.8598700000000001      0.8049000040111769
0.8638600000000001      0.8040687724759471
0.8678500000000001      0.8032345280542097
0.8718400000000002      0.8023973969292919
0.8758300000000001      0.8015575022689423
0.8798200000000002      0.8007149642945034
0.8838100000000001      0.7998699003485042
0.8878000000000001      0.7990224249607019
0.8917900000000001      0.7981726499126109
0.8957800000000001      0.7973206843005528
0.8997700000000001      0.7964666345972556
0.9037600000000001      0.7956106047120397
0.9077500000000002      0.7947526960496185
0.9117400000000001      0.793893007567547
0.9157300000000002      0.7930316358323463
0.9197200000000001      0.7921686750743353
0.9237100000000001      0.7913042172411997
0.9277000000000001      0.7904383520503245
0.9316900000000001      0.7895711670399188
0.9356800000000001      0.7887027476189629
0.9396700000000001      0.7878331771159989
0.9436600000000002      0.7869625368267983
0.9476500000000001      0.7860909060609261
0.9516400000000002      0.7852183621872308
0.9556300000000001      0.7843449806782813
0.9596200000000001      0.78347083515378
0.9636100000000001      0.78259599742297
0.9676000000000001      0.7817205375260636
0.9715900000000002      0.7808445237747134
0.9755800000000001      0.7799680227915472
0.9795700000000002      0.7790910995487912
0.9835600000000001      0.7782138174059987
0.9875500000000001      0.7773362381469087
0.9915400000000001      0.7764584220154517
0.9955300000000001      0.7755804277509257
0.9995200000000002      0.7747023126223591
1.0035100000000001      0.7738241324620784
1.0075      0.772945941698506
1.0114900000000002      0.7720677933881952
1.0154800000000002      0.7711897392471317
1.01947      0.7703118296813097
1.02346      0.7694341138166045
1.0274500000000002      0.768556639527957
1.0314400000000001      0.7676794534678856
1.03543      0.7668026010943408
1.0394200000000002      0.7659261266979212
1.0434100000000002      0.7650500734284598
1.0474      0.7641744833210027
1.05139      0.7632993973211871
1.0553800000000002      0.7624248553100396
1.0593700000000001      0.7615508961282017
1.06336      0.7606775575996033
1.0673500000000002      0.7598048765545896
1.0713400000000002      0.7589328888525185
1.0753300000000001      0.7580616294038433
1.07932      0.7571911321916843
1.0833100000000002      0.7563214302929123
1.0873000000000002      0.7554525558987454
1.09129      0.7545845403348777
1.09528      0.7537174140811461
1.0992700000000002      0.7528512067907508
1.1032600000000001      0.7519859473090337
1.10725      0.7511216636918314
1.1112400000000002      0.7502583832234087
1.1152300000000002      0.7493961324339837
1.11922      0.7485349371168546
1.12321      0.7476748223451358
1.1272000000000002      0.7468158124881149
1.1311900000000001      0.7459579312272374
1.13518      0.7451012015717285
1.1391700000000002      0.7442456458738614
1.1431600000000002      0.743391285843878
1.1471500000000001      0.7425381425645723
1.15114      0.7416862365055449
1.1551300000000002      0.740835587537133
1.1591200000000002      0.7399862149440264
1.16311      0.7391381374385766
1.1671000000000002      0.7382913731738034
1.1710900000000002      0.7374459397561118
1.1750800000000001      0.7366018542577173
1.17907      0.7357591332287954
1.1830600000000002      0.7349177927093559
1.1870500000000002      0.7340778482408507
1.19104      0.7332393148775187
1.1950300000000003      0.7324022071974793
1.1990200000000002      0.7315665393135744
1.2030100000000001      0.7307323248839673
1.207      0.7298995771225052
1.2109900000000002      0.7290683088088489
1.2149800000000002      0.7282385322983755
1.21897      0.7274102595318603
1.2229600000000003      0.7265835020449424
1.2269500000000002      0.7257582709773773
1.2309400000000001      0.7249345770820845
1.23493      0.724112430733994
1.2389200000000002      0.7232918419386933
1.2429100000000002      0.7224728203408834
1.2469000000000001      0.7216553752326468
1.25089      0.7208395155615297
1.2548800000000002      0.7200252499384477
1.2588700000000002      0.7192125866454132
1.26286      0.7184015336430913
1.2668500000000003      0.7175920985781908
1.2708400000000002      0.7167842887906882
1.2748300000000001      0.7159781113208933
1.27882      0.7151735729163582
1.2828100000000002      0.7143706800386334
1.2868000000000002      0.7135694388698742
1.29079      0.7127698553193016
1.2947800000000003      0.71197193502952
1.2987700000000002      0.7111756833826962
1.3027600000000001      0.7103811055066013
1.30675      0.7095882062805198
1.3107400000000002      0.708796990341029
1.3147300000000002      0.7080074620876509
1.3187200000000001      0.7072196256883783
1.3227100000000003      0.7064334850850823
1.3267000000000002      0.705649043998798
1.3306900000000002      0.7048663059348967
1.33468      0.7040852741881425
1.3386700000000002      0.703305951847638
1.3426600000000002      0.7025283418016645
1.3466500000000001      0.7017524467424118
1.35064      0.7009782691706078
1.3546300000000002      0.7002058114000448
1.3586200000000002      0.6994350755620078
1.36261      0.6986660636096054
1.3666000000000003      0.697898777322006
1.3705900000000002      0.6971332183085822
1.3745800000000001      0.6963693880129636
1.37857      0.6956072877170014
1.3825600000000002      0.6948469185446475
1.3865500000000002      0.6940882814657474
1.39054      0.6933313772997515
1.3945300000000003      0.6925762067193458
1.3985200000000002      0.6918227702540014
1.4025100000000001      0.6910710682934498
1.4065      0.6903211010910798
1.4104900000000002      0.6895728687672624
1.4144800000000002      0.6888263713126023
1.4184700000000001      0.6880816085911181
1.4224600000000003      0.687338580343356
1.4264500000000002      0.6865972861894327
1.4304400000000002      0.6858577256320139
1.43443      0.6851198980592274
1.4384200000000003      0.6843838027475139
1.4424100000000002      0.683649438864415
1.4464000000000001      0.6829168054713007
1.4503900000000003      0.6821859015260384
1.4543800000000002      0.6814567258856027
1.4583700000000002      0.6807292773086305
1.46236      0.6800035544579189
1.4663500000000003      0.6792795559028698
1.4703400000000002      0.6785572801218813
1.4743300000000001      0.6778367255046874
1.4783200000000003      0.6771178903546462
1.4823100000000002      0.6764007728909803
1.4863000000000002      0.6756853712509664
1.4902900000000001      0.6749716834920787
1.4942800000000003      0.6742597075940864
1.4982700000000002      0.673549441461104
1.5022600000000002      0.6728408829235983
1.50625      0.6721340297403526
1.5102400000000002      0.6714288796003862
1.5142300000000002      0.6707254301248347
1.5182200000000001      0.6700236788687872
1.5222100000000003      0.669323623323086
1.5262000000000002      0.6686252609160853
1.5301900000000002      0.6679285890153727
1.53418      0.6672336049294537
1.5381700000000003      0.6665403059093983
1.5421600000000002      0.6658486891504537
1.5461500000000001      0.6651587517936204
1.5501400000000003      0.6644704909271946
1.5541300000000002      0.6637839035882779
1.5581200000000002      0.6630989867642528
1.56211      0.6624157373942271
1.5661000000000003      0.6617341523704467
1.5700900000000002      0.6610542285396778
1.5740800000000001      0.6603759627045581
1.5780700000000003      0.6596993516249202
1.5820600000000002      0.6590243920190849
1.5860500000000002      0.6583510805651268
1.5900400000000001      0.6576794139021117
1.5940300000000003      0.6570093886313089
1.5980200000000002      0.656341001317374
1.6020100000000002      0.6556742484895094
1.606      0.6550091266425958
1.6099900000000003      0.6543456322383019
1.6139800000000002      0.6536837617061688
1.6179700000000001      0.65302351144467
1.6219600000000003      0.6523648778222485
1.6259500000000002      0.6517078571783328
1.6299400000000002      0.6510524458243274
1.63393      0.6503986400445848
1.6379200000000003      0.6497464360973539
1.6419100000000002      0.6490958302157086
1.6459000000000001      0.6484468186084558
1.6498900000000003      0.6477993974610228
1.6538800000000002      0.6471535629363261
1.6578700000000002      0.6465093111756204
1.6618600000000001      0.6458666382993288
1.6658500000000003      0.6452255404078545
1.6698400000000002      0.6445860135823759
1.6738300000000002      0.6439480538856212
1.6778200000000003      0.6433116573626287
1.6818100000000002      0.6426768200414894
1.6858000000000002      0.6420435379340711
1.6897900000000001      0.6414118070367296
1.6937800000000003      0.6407816233310014
1.6977700000000002      0.6401529827842822
1.7017600000000002      0.6395258813504897
1.7057500000000003      0.6389003149707118
1.7097400000000003      0.6382762795738405
1.7137300000000002      0.6376537710771903
1.7177200000000001      0.6370327853871051
1.7217100000000003      0.6364133183995476
1.7257000000000002      0.6357953660006802
1.7296900000000002      0.635178924067428
1.7336800000000003      0.6345639884680327
1.7376700000000003      0.6339505550625919
1.7416600000000002      0.6333386197035858
1.7456500000000001      0.6327281782363945
1.7496400000000003      0.6321192264997998
1.7536300000000002      0.6315117603264789
1.7576200000000002      0.6309057755434843
1.7616100000000001      0.630301267972714
1.7656000000000003      0.6296982334313699
1.7695900000000002      0.629096667732407
1.7735800000000002      0.6284965666849712
1.7775700000000003      0.627897926094826
1.7815600000000003      0.6273007417647719
1.7855500000000002      0.626705009495053
1.7895400000000001      0.6261107250837568
1.7935300000000003      0.6255178843272019
1.7975200000000002      0.6249264830203198
1.8015100000000002      0.6243365169570242
1.8055000000000003      0.6237479819305739
1.8094900000000003      0.6231608737339269
1.8134800000000002      0.622575188160085
1.8174700000000001      0.6219909210024308
1.8214600000000003      0.6214080680550568
1.8254500000000002      0.6208266251130863
1.8294400000000002      0.6202465879729865
1.8334300000000003      0.6196679524328743
1.8374200000000003      0.6190907142928147
1.8414100000000002      0.618514869355111
1.8454000000000002      0.6179404134245897
1.8493900000000003      0.617367342308876
1.8533800000000002      0.6167956518186654
1.8573700000000002      0.6162253377679856
1.8613600000000001      0.6156563959744541
1.8653500000000003      0.6150888222595283
1.8693400000000002      0.6145226124487498
1.8733300000000002      0.6139577623719821
1.8773200000000003      0.6133942678636419
1.8813100000000003      0.6128321247629271
1.8853000000000002      0.6122713289140348
1.8892900000000001      0.6117118761663768
1.8932800000000003      0.611153762374789
1.8972700000000002      0.6105969833997349
1.9012600000000002      0.6100415351075033
1.9052500000000003      0.6094874133704018
1.9092400000000003      0.6089346140669455
1.9132300000000002      0.608383133082039
1.9172200000000001      0.6078329663071549
1.9212100000000003      0.6072841096405076
1.9252000000000002      0.6067365589872218
1.9291900000000002      0.606190310259496
1.9331800000000003      0.6056453593767633
1.9371700000000003      0.6051017022658459
1.9411600000000002      0.6045593348611061
1.9451500000000002      0.604018253104593
1.9491400000000003      0.6034784529461857
1.9531300000000003      0.6029399303437312
1.9571200000000002      0.6024026812631791
1.9611100000000004      0.6018667016787128
1.9651000000000003      0.6013319875728762
1.9690900000000002      0.6007985349366971
1.9730800000000002      0.6002663397698065
1.9770700000000003      0.5997353980805546
1.9810600000000003      0.5992057058861248
1.9850500000000002      0.5986772592126404
1.9890400000000004      0.5981500540952727
1.9930300000000003      0.5976240865783427
1.9970200000000002      0.5970993527154203
2.00101      0.5965758485694209
2.0050000000000003      0.5960535702126986
2.0089900000000003      0.595532513727136
2.01298      0.5950126752042321
2.01697      0.5944940507451865
2.02096      0.5939766364609803
2.02495      0.5934604284724562
2.02894      0.5929454229103935
2.03293      0.5924316159155821
2.03692      0.5919190036388938
2.0409100000000002      0.5914075822413498
2.0449      0.5908973478941871
2.04889      0.5903882967789229
2.05288      0.5898804250874136
2.05687      0.5893737290219156
2.06086      0.5888682047951416
2.06485      0.5883638486303134
2.0688400000000002      0.5878606567612163
2.07283      0.5873586254322476
2.07682      0.5868577508984647
2.08081      0.5863580294256321
2.0848      0.5858594572902638
2.08879      0.585362030779667
2.09278      0.5848657461919807
2.0967700000000002      0.584370599836215
2.10076      0.5838765880322867
2.10475      0.5833837071110548
2.10874      0.5828919534143528
2.11273      0.5824013232950203
2.11672      0.5819118131169316
2.12071      0.5814234192550249
2.1247000000000003      0.5809361380953282
2.12869      0.5804499660349832
2.13268      0.5799648994822698
2.13667      0.5794809348566268
2.14066      0.5789980685886726
2.14465      0.5785162971202246
2.14864      0.5780356169043152
2.1526300000000003      0.5775560244052096
2.15662      0.5770775160984196
2.16061      0.5766000884707171
2.1646      0.5761237380201462
2.16859      0.5756484612560347
2.17258      0.5751742546990037
2.17657      0.5747011148809755
2.18056      0.5742290383451818
2.18455      0.5737580216461694
2.18854      0.5732880613498056
2.19253      0.5728191540332825
2.19652      0.5723512962851194
2.20051      0.571884484705165
2.2045      0.571418715904599
2.20849      0.570953986505931
2.2124800000000002      0.5704902931430005
2.21647      0.5700276324609741
2.22046      0.5695660011163437
2.22445      0.5691053957769218
2.22844      0.568645813121837
2.23243      0.5681872498415299
2.23642      0.5677297026377444
2.2404100000000002      0.5672731682235227
2.2444      0.5668176433231966
2.24839      0.5663631246723786
2.25238      0.5659096090179528
2.25637      0.5654570931180648
2.26036      0.5650055737421106
2.26435      0.5645550476707248
2.2683400000000002      0.5641055116957692
2.27233      0.5636569626203187
2.27632      0.5632093972586487
2.28031      0.5627628124362203
2.2843      0.5623172049896655
2.28829      0.5618725717667722
2.29228      0.5614289096264677
2.2962700000000003      0.5609862154388023
2.30026      0.5605444860849322
2.30425      0.5601037184571016
2.30824      0.5596639094586247
2.31223      0.5592250560038664
2.31622      0.5587871550182246
2.32021      0.5583502034381084
2.3242000000000003      0.5579141982109189
2.32819      0.5574791362950292
2.33218      0.5570450146597623
2.33617      0.5566118302853696
2.34016      0.5561795801630096
2.34415      0.5557482612947247
2.34814      0.5553178706934192
2.3521300000000003      0.5548884053828357
2.35612      0.5544598623975312
2.36011      0.5540322387828539
2.3641      0.5536055315949188
2.36809      0.5531797379005823
2.37208      0.5527548547774181
2.37607      0.5523308793136918
2.3800600000000003      0.5519078086083344
2.3840500000000002      0.5514856397709181
2.38804      0.5510643699216282
2.39203      0.5506439961912378
2.39602      0.5502245157210807
2.40001      0.549805925663024
2.404      0.5493882231794418
2.4079900000000003      0.5489714054431861
2.4119800000000002      0.5485554696375606
2.41597      0.5481404129562913
2.41996      0.5477262326034992
2.42395      0.5473129257936711
2.42794      0.5469004897516311
2.43193      0.5464889217125123
2.4359200000000003      0.5460782189217266
2.4399100000000002      0.545668378634936
2.4439      0.5452593981180235
2.44789      0.5448512746470622
2.45188      0.5444440055082868
2.45587      0.5440375879980627
2.45986      0.5436320194228562
2.46385      0.543227297099204
2.4678400000000003      0.542823418353683
2.47183      0.5424203805228794
2.47582      0.5420181809533582
2.47981      0.541616817001632
2.4838      0.5412162860341303
2.48779      0.5408165854271685
2.49178      0.5404177125669162
2.4957700000000003      0.5400196648493664
2.49976      0.5396224396803037
2.50375      0.539226034475273
2.50774      0.5388304466595475
2.51173      0.538435673668098
2.51572      0.5380417129455595
2.51971      0.5376485619462011
2.5237000000000003      0.5372562181338928
2.52769      0.5368646789820739
2.53168      0.5364739419737211
2.53567      0.5360840046013166
2.53966      0.5356948643668149
2.54365      0.535306518781612
2.54764      0.5349189653665117
2.5516300000000003      0.5345322016516945
2.5556200000000002      0.5341462251766848
2.55961      0.5337610334903179
2.5636      0.5333766241507086
2.56759      0.5329929947252183
2.57158      0.5326101427904224
2.57557      0.5322280659320779
2.5795600000000003      0.5318467617450912
2.5835500000000002      0.531466227833485
2.58754      0.5310864618103661
2.59153      0.5307074612978931
2.59552      0.5303292239272435
2.59951      0.5299517473385811
2.6035      0.5295750291810237
2.6074900000000003      0.5291990671126107
2.6114800000000002      0.5288238588002699
2.61547      0.5284494019197861
2.61946      0.5280756941557668
2.62345      0.527702733201612
2.62744      0.5273305167594797
2.63143      0.5269590425402546
2.6354200000000003      0.5265883082635151
2.6394100000000003      0.5262183116575015
2.6434      0.5258490504590828
2.64739      0.5254805224137251
2.65138      0.5251127252754585
2.65537      0.5247456568068457
2.65936      0.5243793147789488
2.6633500000000003      0.5240136969712981
2.6673400000000003      0.5236488011718589
2.67133      0.5232846251770001
2.67532      0.5229211667914617
2.67931      0.5225584238283227
2.6833      0.5221963941089698
2.68729      0.5218350754630644
2.69128      0.5214744657285114
2.6952700000000003      0.521114562751427
2.69926      0.5207553643861071
2.70325      0.520396868494996
2.70724      0.5200390729486533
2.71123      0.5196819756257238
2.71522      0.519325574412905
2.71921      0.5189698672049161
2.7232000000000003      0.5186148519044661
2.7271900000000002      0.518260526422223
2.73118      0.5179068886767816
2.73517      0.5175539365946332
2.73916      0.5172016681101337
2.74315      0.5168500811654732
2.74714      0.5164991737106437
2.7511300000000003      0.5161489437034098
2.7551200000000002      0.5157993891092765
2.75911      0.5154505079014587
2.7631      0.5151022980608508
2.76709      0.5147547575759955
2.77108      0.5144078844430536
2.77507      0.5140616766657734
2.7790600000000003      0.5137161322554596
2.7830500000000002      0.5133712492309443
2.78704      0.5130270256185552
2.79103      0.5126834594520864
2.79502      0.5123405487727679
2.79901      0.5119982916292356
2.803      0.5116566860775011
2.8069900000000003      0.5113157301809222
2.8109800000000003      0.5109754220101732
2.81497      0.5106357596432145
2.81896      0.5102967411652635
2.82295      0.509958364668765
2.82694      0.5096206282533616
2.83093      0.5092835300258647
2.8349200000000003      0.5089470681002245
2.8389100000000003      0.5086112405975017
2.8429      0.5082760456458377
2.84689      0.507941481380426
2.85088      0.5076075459434827
2.85487      0.5072742374842186
2.85886      0.5069415541588096
2.8628500000000003      0.5066094941303686
2.8668400000000003      0.5062780555689168
2.87083      0.5059472366513547
2.87482      0.5056170355614347
2.87881      0.5052874504897321
2.8828      0.5049584796336173
2.88679      0.5046301211972273
2.8907800000000003      0.5043023733914381
2.8947700000000003      0.5039752344338366
2.8987600000000002      0.5036487025486931
2.90275      0.5033227759669328
2.90674      0.502997452926109
2.91073      0.5026727316703754
2.91472      0.5023486104504583
2.9187100000000004      0.5020250875236296
2.9227000000000003      0.5017021611536799
2.9266900000000002      0.5013798296108902
2.93068      0.5010580911720062
2.93467      0.5007369441202105
2.93866      0.5004163867450961
2.94265      0.5000964173426397
2.9466400000000004      0.4997770342151743
2.9506300000000003      0.49945823567136416
2.9546200000000002      0.49914002002617686
2.95861      0.49882238560085745
2.9626      0.49850533072290265
2.96659      0.49818885372603394
2.97058      0.497872952950172
2.97457      0.4975576267414103
2.9785600000000003      0.4972428734519897
2.9825500000000003      0.4969286914402725
2.98654      0.4966150790707166
2.99053      0.4963020347138502
2.99452      0.4959895567462458
2.99851      0.49567764355049554
3.0025      0.49536629351518524
3.0064900000000003      0.4950555050348697
3.0104800000000003      0.49474527651004735
3.01447      0.4944356063471353
3.01846      0.49412649295844435
3.02245      0.49381793476215446
3.02644      0.4935099301822897
3.03043      0.49320247764869396
3.0344200000000003      0.49289557559700625
3.0384100000000003      0.49258922246863623
3.0424      0.4922834167107402
3.04639      0.4919781567761964
3.05038      0.49167344112358147
3.05437      0.4913692682171459
3.05836      0.49106563652679036
3.0623500000000003      0.49076254452804186
3.0663400000000003      0.49045999070203
3.0703300000000002      0.4901579735354632
3.07432      0.4898564915206055
3.07831      0.48955554315525257
3.0823      0.4892551269427089
3.08629      0.4889552413917642
3.0902800000000004      0.4886558850166704
3.0942700000000003      0.48835705633711846
3.0982600000000002      0.4880587538782157
3.10225      0.4877609761704623
3.10624      0.48746372174972924
3.11023      0.4871669891572352
3.11422      0.486870776939524
3.1182100000000004      0.48657508364844215
3.1222000000000003      0.4862799078411165
3.1261900000000002      0.4859852480799321
3.13018      0.48569110293250917
3.13417      0.4853974709716823
3.13816      0.4851043507754772
3.14215      0.4848117409270893
3.1461400000000004      0.484519640014862
3.1501300000000003      0.4842280466322648
3.1541200000000003      0.4839369593778716
3.15811      0.48364637685533896
3.1621      0.483356297673385
3.16609      0.48306672044576787
3.17008      0.48277764379126425
3.1740700000000004      0.4824890663336482
3.1780600000000003      0.48220098670167066
3.1820500000000003      0.48191340352903744
3.18604      0.4816263154543891
3.19003      0.4813397211212795
3.19402      0.4810536191781555
3.19801      0.48076800827833605
3.202      0.480482887079992
3.2059900000000003      0.4801982542461247
3.2099800000000003      0.479914108444547
3.21397      0.4796304483478616
3.21796      0.47934727263344157
3.22195      0.4790645799834102
3.22594      0.4787823690846206
3.22993      0.4785006386286358
3.2339200000000003      0.47821938731170954
3.2379100000000003      0.47793861383476577
3.2419000000000002      0.4776583169033789
3.24589      0.47737849522775483
3.24988      0.4770991475227109
3.25387      0.4768202725076565
3.25786      0.47654186890657413
3.2618500000000004      0.4762639354479996
3.2658400000000003      0.4759864708650032
3.2698300000000002      0.47570947389517043
3.27382      0.4754329432805831
3.27781      0.4751568777678003
3.2818      0.47488127610783987
3.28579      0.47460613705615884
3.2897800000000004      0.4743314593726357
3.2937700000000003      0.4740572418215515
3.2977600000000002      0.4737834831715708
3.30175      0.4735101821957241
3.30574      0.4732373376713887
3.30973      0.4729649483802711
3.31372      0.4726930131083884
3.3177100000000004      0.4724215306460502
3.3217000000000003      0.4721504997878409
3.3256900000000003      0.4718799193326014
3.32968      0.47160978808341153
3.33367      0.4713401048475718
3.33766      0.47107086843658635
3.34165      0.4708020776661449
3.3456400000000004      0.4705337313561051
3.3496300000000003      0.47026582833047564
3.3536200000000003      0.4699983674173982
3.35761      0.4697313474491303
3.3616      0.46946476726202857
3.36559      0.46919862569653104
3.36958      0.4689329215971402
3.3735700000000004      0.4686676538124058
3.3775600000000003      0.4684028211949088
3.3815500000000003      0.4681384226012432
3.38554      0.4678744568920004
3.38953      0.4676109229317519
3.39352      0.4673478195890328
3.39751      0.46708514573632537
3.4015000000000004      0.46682290025004236
3.4054900000000004      0.46656108201051083
3.4094800000000003      0.4662996899019559
3.4134700000000002      0.46603872281248393
3.41746      0.4657781796340672
3.42145      0.465518059262527
3.42544      0.46525836059751824
3.4294300000000004      0.4649990825425128
3.4334200000000004      0.46474022400478476
3.4374100000000003      0.4644817838953931
3.4414000000000002      0.46422376112916724
3.44539      0.4639661546246907
3.44938      0.46370896330428574
3.45337      0.4634521860939977
3.4573600000000004      0.4631958219235796
3.4613500000000004      0.462939869726477
3.4653400000000003      0.46268432843981194
3.4693300000000002      0.46242919700436885
3.47332      0.4621744743645781
3.47731      0.46192015946850196
3.4813      0.4616662512678189
3.48529      0.4614127487178088
3.4892800000000004      0.4611596507773383
3.4932700000000003      0.4609069564088454
3.4972600000000003      0.4606546645783253
3.50125      0.4604027742553155
3.50524      0.4601512844128807
3.50923      0.459900194027599
3.51322      0.45964950207954686
3.5172100000000004      0.4593992075522849
3.5212000000000003      0.45914930943284343
3.5251900000000003      0.4588998067117082
3.52918      0.4586506983828061
3.53317      0.458401983443491
3.53716      0.45815366089452986
3.54115      0.45790572974008825
3.5451400000000004      0.45765818898771665
3.5491300000000003      0.45741103764833674
3.5531200000000003      0.45716427473622695
3.55711      0.45691789926900933
3.5611      0.4566719102676354
3.56509      0.45642630675637247
3.56908      0.4561810877627904
3.5730700000000004      0.4559362523177477
3.5770600000000004      0.4556917994553782
3.5810500000000003      0.45544772821307766
3.5850400000000002      0.45520403763149025
3.58903      0.4549607267544956
3.59302      0.4547177946291951
3.59701      0.4544752403058991
3.6010000000000004      0.4542330628381136
3.6049900000000004      0.4539912612825275
3.6089800000000003      0.4537498346989989
3.6129700000000002      0.45350878215054313
3.61696      0.45326810270331913
3.62095      0.453027795426617
3.62494      0.45278785939284494
3.6289300000000004      0.4525482936775169
3.6329200000000004      0.45230909735923974
3.6369100000000003      0.45207026951970075
3.6409000000000002      0.45183180924365496
3.64489      0.4515937156189128
3.64888      0.45135598773632757
3.65287      0.4511186246897835
3.6568600000000004      0.4508816255761827
3.6608500000000004      0.45064498949543363
3.6648400000000003      0.4504087155504385
3.6688300000000003      0.4501728028470812
3.67282      0.44993725049421557
3.67681      0.44970205760365284
3.6808      0.4494672232901499
3.6847900000000005      0.4492327466713975
3.6887800000000004      0.44899862686800845
3.6927700000000003      0.44876486300350543
3.6967600000000003      0.4485314542043096
3.70075      0.4482983995997288
3.70474      0.4480656983219457
3.70873      0.44783334950600684
3.71272      0.44760135228981013
3.7167100000000004      0.4473697058140942
3.7207000000000003      0.44713840922242665
3.7246900000000003      0.4469074616611927
3.72868      0.44667686227958375
3.73267      0.4464466102295862
3.73666      0.4462167046659704
3.74065      0.4459871447462791
3.7446400000000004      0.44575792963081656
3.7486300000000004      0.44552905848263763
3.7526200000000003      0.44530053046753637
3.7566100000000002      0.4450723447540354
3.7606      0.4448445005133747
3.76459      0.4446169969195009
3.76858      0.44438983314905656
3.7725700000000004      0.444163008381369
3.7765600000000004      0.44393652179844034
3.7805500000000003      0.44371037258493584
3.7845400000000002      0.443484559928174
3.78853      0.44325908301811573
3.79252      0.4430339410473538
3.79651      0.4428091332111023
3.8005000000000004      0.4425846587071866
3.8044900000000004      0.4423605167360324
3.8084800000000003      0.4421367065006558
3.8124700000000002      0.44191322720665277
3.81646      0.441690078062189
3.82045      0.4414672582779898
3.82444      0.44124476706732974
3.8284300000000004      0.4410226036460226
3.8324200000000004      0.44080076723241146
3.8364100000000003      0.44057925704735856
3.8404000000000003      0.44035807231423546
3.84439      0.4401372122589126
3.84838      0.4399166761097503
3.85237      0.4396964630975882
3.8563600000000005      0.4394765724557356
3.8603500000000004      0.43925700341996216
3.8643400000000003      0.43903775522848754
3.8683300000000003      0.43881882712197223
3.87232      0.4386002183435077
3.87631      0.4383819281386069
3.8803      0.4381639557551948
3.8842900000000005      0.4379463004435987
3.8882800000000004      0.43772896145653906
3.8922700000000003      0.4375119380491198
3.8962600000000003      0.43729522947881927
3.90025      0.4370788350054806
3.90424      0.4368627538913027
3.90823      0.4366469854008308
3.9122200000000005      0.43643152880094743
3.9162100000000004      0.4362163833608634
3.9202000000000004      0.4360015483521082
3.9241900000000003      0.4357870230485214
3.9281800000000002      0.4355728067262435
3.93217      0.43535889866370675
3.93616      0.4351452981416265
3.9401500000000005      0.4349320044429922
3.9441400000000004      0.4347190168530583
3.9481300000000004      0.43450633465933597
3.9521200000000003      0.4342939571515834
3.9561100000000002      0.43408188362179834
3.9601      0.433870113364208
3.96409      0.4336586456752616
3.9680800000000005      0.43344747985362053
3.9720700000000004      0.43323661520015116
3.9760600000000004      0.43302605101791525
3.9800500000000003      0.43281578661216163
3.9840400000000002      0.432605821290318
3.98803      0.4323961543619821
3.99202      0.43218678513891384
3.99601      0.43197771293502646
4.0      0.4317689370663784
