0.01      0.363437200742732
0.01399      0.3796212176863756
0.017980000000000003      0.3932320396327641
0.021970000000000003      0.4053535641449325
0.025960000000000004      0.4165290618076421
0.029950000000000004      0.4270682336031912
0.033940000000000005      0.43716273444450743
0.037930000000000005      0.44693793835736245
0.041920000000000006      0.4564790744426
0.045910000000000006      0.46584562961697595
0.04990000000000001      0.4750798378755776
0.05389000000000001      0.4842119590352226
0.05788000000000001      0.49326370752590304
0.06187000000000001      0.5022505618164554
0.06586      0.5111833682225666
0.06985000000000001      0.520069484120564
0.07384      0.5289136113113675
0.07783      0.5377184153870854
0.08182      0.5464849938339191
0.08581000000000001      0.5552132349914886
0.0898      0.5639020967987864
0.09379      0.5725498256079938
0.09778      0.5811541295489883
0.10177000000000001      0.5897123169616256
0.10576      0.5982214076510105
0.10975      0.6066782227646682
0.11374000000000001      0.6150794576843392
0.11773000000000002      0.6234217412992473
0.12172000000000001      0.6317016842698984
0.12571000000000002      0.639915918324821
0.1297      0.6480611282040778
0.13369000000000003      0.6561340775360589
0.13768000000000002      0.6641316296812361
0.14167000000000002      0.6720507643800923
0.14566      0.6798885908878909
0.14965000000000003      0.6876423581568039
0.15364000000000003      0.6953094625285232
0.15763000000000002      0.702887453322239
0.16162000000000004      0.7103740366398196
0.16561000000000003      0.7177670776584874
0.16960000000000003      0.7250646016394647
0.17359000000000002      0.7322647938464163
0.17758000000000002      0.7393659985390019
0.18157000000000004      0.7463667171831084
0.18556000000000003      0.7532656059994699
0.18955000000000002      0.760061472955821
0.19354000000000005      0.7667532742935459
0.19753000000000004      0.7733401106679968
0.20152000000000003      0.7798212229714321
0.20551000000000003      0.7861959878988712
0.20950000000000002      0.7924639133096638
0.21349000000000004      0.7986246334311133
0.21748000000000003      0.8046779039449404
0.22147000000000003      0.8106235969923666
0.22546000000000005      0.8164616961294294
0.22945000000000004      0.8221922912603025
0.23344000000000004      0.8278155735730628
0.23743000000000003      0.8333318304994263
0.24142000000000002      0.838741440717299
0.24541000000000004      0.8440448692126458
0.24940000000000004      0.8492426624151258
0.25339      0.854335443419935
0.25738000000000005      0.8593239073067037
0.26137000000000005      0.864208816564687
0.26536000000000004      0.8689909966321052
0.26935000000000003      0.8736713315562267
0.27334      0.8782507597796662
0.27733      0.882730270057267
0.28132      0.8871108975070633
0.28531000000000006      0.8913937197979178
0.28930000000000006      0.8955798534756656
0.29329000000000005      0.8996704504288964
0.29728000000000004      0.9036666944948646
0.30127000000000004      0.9075697982054358
0.30526000000000003      0.9113809996724994
0.30925      0.9151015596117446
0.3132400000000001      0.9187327585033492
0.31723000000000007      0.922275893887729
0.32122000000000006      0.9257322777941666
0.32521000000000005      0.9291032342998546
0.32920000000000005      0.9323900972166611
0.33319000000000004      0.9355942079026514
0.33718000000000004      0.9387169131952702
0.34117000000000003      0.9417595634629029
0.34516      0.9447235107714007
0.34915000000000007      0.9476101071620633
0.35314000000000006      0.9504207030374793
0.35713000000000006      0.9531566456515548
0.36112000000000005      0.9558192777000528
0.36511000000000005      0.958409936007881
0.36910000000000004      0.9609299503094167
0.37309000000000003      0.9633806421181266
0.3770800000000001      0.9657633236817682
0.3810700000000001      0.9680792970194892
0.38506000000000007      0.9703298530371993
0.38905000000000006      0.9725162707175984
0.39304000000000006      0.9746398163813559
0.39703000000000005      0.9767017430159701
0.40102000000000004      0.9787032896689212
0.40501000000000004      0.9806456809018096
0.40900000000000003      0.982530126302263
0.4129900000000001      0.9843578200504739
0.4169800000000001      0.9861299405373226
0.42097000000000007      0.9878476500311575
0.42496000000000006      0.9895120943903637
0.42895000000000005      0.9911244028189841
0.43294000000000005      0.9926856876627391
0.43693000000000004      0.9941970442428999
0.4409200000000001      0.995659550725558
0.4449100000000001      0.9970742680239613
0.4489000000000001      0.998442239731647
0.45289000000000007      0.9997644920842386
0.45688000000000006      1.0010420339478454
0.46087000000000006      1.0022758568321168
0.46486000000000005      1.0034669349260807
0.46885000000000004      1.004616225155003
0.47284000000000004      1.0057246672565845
0.4768300000000001      1.0067931838749078
0.4808200000000001      1.007822680670622
0.4848100000000001      1.008814046445942
0.48880000000000007      1.0097681532831262
0.49279000000000006      1.0106858566951524
0.49678000000000005      1.011567995787412
0.50077      1.0124153934292999
0.5047600000000001      1.0132288564346448
0.50875      1.0140091757499983
0.5127400000000001      1.0147571266498634
0.51673      1.0154734689380003
0.5207200000000001      1.0161589471540065
0.5247100000000001      1.0168142907844284
0.5287000000000001      1.0174402144777002
0.5326900000000001      1.0180374182622818
0.53668      1.0186065877673844
0.5406700000000001      1.0191483944457334
0.54466      1.0196634957978714
0.5486500000000001      1.0201525355975158
0.55264      1.0206161441175472
0.5566300000000001      1.0210549383562388
0.5606200000000001      1.0214695222633519
0.5646100000000001      1.0218604869657733
0.5686000000000001      1.0222284109923956
0.57259      1.0225738604979626
0.5765800000000001      1.0228973894856304
0.58057      1.023199540028029
0.5845600000000001      1.0234808424866098
0.5885500000000001      1.0237418157291123
0.5925400000000001      1.0239829673449798
0.5965300000000001      1.024204793858582
0.60052      1.0244077809401233
0.6045100000000001      1.0245924036141192
0.6085      1.0247591264653475
0.6124900000000001      1.0249084038421934
0.6164800000000001      1.025040680057311
0.6204700000000001      1.0251563895855424
0.6244600000000001      1.0252559572590474
0.6284500000000001      1.0253397984595984
0.6324400000000001      1.0254083193080117
0.63643      1.025461916850686
0.6404200000000001      1.0255009792432361
0.64441      1.0255258859311998
0.6484000000000001      1.025537007827828
0.6523900000000001      1.025534707488943
0.6563800000000001      1.0255193392848743
0.6603700000000001      1.025491249569485
0.6643600000000001      1.025450776846291
0.6683500000000001      1.0253982519316993
0.67234      1.0253339981153777
0.6763300000000001      1.0252583313177737
0.68032      1.0251715602448168
0.6843100000000001      1.0250739865398206
0.6883000000000001      1.0249659049326136
0.6922900000000001      1.024847603385934
0.6962800000000001      1.024719363239108
0.7002700000000001      1.0245814593490528
0.7042600000000001      1.0244341602286338
0.70825      1.0242777281824071
0.7122400000000001      1.0241124194397826
0.7162300000000001      1.0239384842856434
0.7202200000000001      1.0237561671884536
0.7242100000000001      1.023565706925898
0.7282000000000001      1.023367336708077
0.7321900000000001      1.0231612842982996
0.7361800000000001      1.022947772131514
0.7401700000000001      1.0227270174304026
0.7441600000000002      1.0224992323191862
0.7481500000000001      1.0222646239351654
0.7521400000000001      1.0220233945380406
0.7561300000000001      1.0217757416170457
0.7601200000000001      1.0215218579959262
0.7641100000000001      1.0212619319358045
0.7681000000000001      1.0209961472359594
0.77209      1.0207246833325605
0.7760800000000001      1.0204477153953873
0.7800700000000002      1.020165414422571
0.7840600000000001      1.0198779473333939
0.7880500000000001      1.0195854770591704
0.7920400000000001      1.0192881626322567
0.7960300000000001      1.0189861592732101
0.8000200000000001      1.0186796184761377
0.8040100000000001      1.0183686880922613
0.808      1.018053512411737
0.8119900000000001      1.0177342322437535
0.8159800000000001      1.0174109849949429
0.8199700000000001      1.0170839047461397
0.8239600000000001      1.01675312232751
0.8279500000000001      1.0164187653920835
0.8319400000000001      1.0160809584877237
0.8359300000000001      1.0157398231275545
0.8399200000000001      1.015395477858885
0.8439100000000002      1.0150480383306477
0.8479000000000001      1.014697617359389
0.8518900000000001      1.01434432499383
0.8558800000000001      1.0139882685780384
0.8598700000000001      1.013629552813219
0.8638600000000001      1.0132682798181711
0.8678500000000001      1.0129045491884185
0.8718400000000002      1.012538458054055
0.8758300000000001      1.0121701011363196
0.8798200000000002      1.0117995708029295
0.8838100000000001      1.0114269571221994
0.8878000000000001      1.011052347915966
0.8917900000000001      1.010675828811341
0.8957800000000001      1.0102974832913256
0.8997700000000001      1.0099173927442981
0.9037600000000001      1.0095356365124026
0.9077500000000002      1.0091522919388638
0.9117400000000001      1.0087674344142432
0.9157300000000002      1.0083811374216671
0.9197200000000001      1.007993472581038
0.9237100000000001      1.0076045096922612
0.9277000000000001      1.0072143167774952
0.9316900000000001      1.0068229601224585
0.9356800000000001      1.0064305043168051
0.9396700000000001      1.0060370122935873
0.9436600000000002      1.0056425453678322
0.9476500000000001      1.0052471632742426
0.9516400000000002      1.0048509242040498
0.9556300000000001      1.0044538848410263
0.9596200000000001      1.0040561003966861
0.9636100000000001      1.003657624644684
0.9676000000000001      1.0032585099544304
0.9715900000000002      1.0028588073239488
0.9755800000000001      1.0024585664119752
0.9795700000000002      1.0020578355693346
0.9835600000000001      1.0016566618695946
0.9875500000000001      1.0012550911390241
0.9915400000000001      1.000853167985864
0.9955300000000001      1.00045093582893
0.9995200000000002      1.0000484369255596
1.0035100000000001      0.9996457123989172
1.0075      0.9992428022646785
1.0114900000000002      0.9988397454570966
1.0154800000000002      0.998436579854474
1.01947      0.9980333423040465
1.02346      0.9976300686462969
1.0274500000000002      0.9972267937387089
1.0314400000000001      0.9968235514789766
1.03543      0.9964203748276746
1.0394200000000002      0.9960172958304118
1.0434100000000002      0.9956143456394702
1.0474      0.9952115545349491
1.05139      0.9948089519454185
1.0553800000000002      0.9944065664680963
1.0593700000000001      0.9940044258885623
1.06336      0.9936025572000146
1.0673500000000002      0.9932009866220833
1.0713400000000002      0.9927997396192084
1.0753300000000001      0.9923988409185939
1.07932      0.9919983145277462
1.0833100000000002      0.9915981837516086
1.0873000000000002      0.9911984712092989
1.09129      0.99079919885046
1.09528      0.9904003879712313
1.0992700000000002      0.9900020592298548
1.1032600000000001      0.9896042326619144
1.10725      0.989206927695227
1.1112400000000002      0.988810163164389
1.1152300000000002      0.9884139573249828
1.11922      0.9880183278674591
1.12321      0.9876232919306938
1.1272000000000002      0.9872288661152342
1.1311900000000001      0.9868350664962383
1.13518      0.9864419086361125
1.1391700000000002      0.9860494075968583
1.1431600000000002      0.985657577952135
1.1471500000000001      0.9852664337990392
1.15114      0.9848759887696154
1.1551300000000002      0.9844862560420988
1.1591200000000002      0.9840972483518959
1.16311      0.9837089780023155
1.1671000000000002      0.9833214568750474
1.1710900000000002      0.9829346964403991
1.1750800000000001      0.9825487077672983
1.17907      0.9821635015330608
1.1830600000000002      0.9817790880329331
1.1870500000000002      0.9813954771894177
1.19104      0.9810126785613752
1.1950300000000003      0.980630701352923
1.1990200000000002      0.9802495544221258
1.2030100000000001      0.9798692462894827
1.207      0.9794897851462201
1.2109900000000002      0.9791111788623941
1.2149800000000002      0.9787334349948016
1.21897      0.978356560794712
1.2229600000000003      0.9779805632154187
1.2269500000000002      0.977605448919615
1.2309400000000001      0.9772312242866003
1.23493      0.9768578954193206
1.2389200000000002      0.9764854681512437
1.2429100000000002      0.9761139480530783
1.2469000000000001      0.9757433404393346
1.25089      0.9753736503747366
1.2548800000000002      0.9750048826804811
1.2588700000000002      0.9746370419403596
1.26286      0.9742701325067294
1.2668500000000003      0.9739041585063547
1.2708400000000002      0.9735391238461069
1.2748300000000001      0.9731750322185366
1.27882      0.9728118871073153
1.2828100000000002      0.9724496917925506
1.2868000000000002      0.9720884493559794
1.29079      0.9717281626860406
1.2947800000000003      0.9713688344828317
1.2987700000000002      0.9710104672629474
1.3027600000000001      0.9706530633642101
1.30675      0.9702966249502892
1.3107400000000002      0.9699411540152112
1.3147300000000002      0.9695866523877706
1.3187200000000001      0.9692331217358342
1.3227100000000003      0.968880563570547
1.3267000000000002      0.9685289792504408
1.3306900000000002      0.9681783699854501
1.33468      0.9678287368408293
1.3386700000000002      0.9674800807409851
1.3426600000000002      0.9671324024732146
1.3466500000000001      0.9667857026913637
1.35064      0.9664399819193926
1.3546300000000002      0.9660952405548641
1.3586200000000002      0.9657514788723504
1.36261      0.9654086970267577
1.3666000000000003      0.9650668950565774
1.3705900000000002      0.9647260728870604
1.3745800000000001      0.9643862303333153
1.37857      0.9640473671033388
1.3825600000000002      0.9637094828009739
1.3865500000000002      0.9633725769287963
1.39054      0.9630366488909388
1.3945300000000003      0.9627016979958476
1.3985200000000002      0.9623677234589719
1.4025100000000001      0.9620347244053958
1.4065      0.9617026998724062
1.4104900000000002      0.9613716488119985
1.4144800000000002      0.961041570093329
1.4184700000000001      0.9607124625051052
1.4224600000000003      0.9603843247579248
1.4264500000000002      0.9600571554865551
1.4304400000000002      0.9597309532521636
1.43443      0.9594057165444934
1.4384200000000003      0.9590814437839882
1.4424100000000002      0.958758133323869
1.4464000000000001      0.9584357834521618
1.4503900000000003      0.958114392393675
1.4543800000000002      0.9577939583119327
1.4583700000000002      0.9574744793110641
1.46236      0.9571559534376448
1.4663500000000003      0.9568383786824975
1.4703400000000002      0.9565217529824488
1.4743300000000001      0.9562060742220442
1.4783200000000003      0.9558913402352253
1.4823100000000002      0.9555775488069651
1.4863000000000002      0.9552646976748634
1.4902900000000001      0.9549527845307085
1.4942800000000003      0.9546418070219983
1.4982700000000002      0.9543317627534255
1.5022600000000002      0.9540226492883302
1.50625      0.9537144641501162
1.5102400000000002      0.9534072048236322
1.5142300000000002      0.9531008687565226
1.5182200000000001      0.9527954533605444
1.5222100000000003      0.952490956012854
1.5262000000000002      0.9521873740572621
1.5301900000000002      0.9518847048054583
1.53418      0.951582945538207
1.5381700000000003      0.9512820935065152
1.5421600000000002      0.9509821459327703
1.5461500000000001      0.9506831000118516
1.5501400000000003      0.9503849529122169
1.5541300000000002      0.950087701776957
1.5581200000000002      0.9497913437248326
1.56211      0.9494958758512796
1.5661000000000003      0.9492012952293931
1.5700900000000002      0.9489075989108856
1.5740800000000001      0.9486147839270239
1.5780700000000003      0.9483228472895422
1.5820600000000002      0.9480317859915324
1.5860500000000002      0.9477415970083116
1.5900400000000001      0.9474522772982724
1.5940300000000003      0.9471638238037065
1.5980200000000002      0.9468762334516116
1.6020100000000002      0.9465895031544799
1.606      0.9463036298110602
1.6099900000000003      0.9460186103071108
1.6139800000000002      0.9457344415161228
1.6179700000000001      0.945451120300037
1.6219600000000003      0.9451686435099311
1.6259500000000002      0.9448870079866994
1.6299400000000002      0.9446062105617095
1.63393      0.9443262480574433
1.6379200000000003      0.9440471172881261
1.6419100000000002      0.9437688150603329
1.6459000000000001      0.9434913381735839
1.6498900000000003      0.9432146834209241
1.6538800000000002      0.9429388475894874
1.6578700000000002      0.9426638274610459
1.6618600000000001      0.9423896198125454
1.6658500000000003      0.9421162214166282
1.6698400000000002      0.94184362904214
1.6738300000000002      0.9415718394546264
1.6778200000000003      0.9413008494168132
1.6818100000000002      0.9410306556890772
1.6858000000000002      0.9407612550299025
1.6897900000000001      0.9404926441963264
1.6937800000000003      0.9402248199443713
1.6977700000000002      0.9399577790294672
1.7017600000000002      0.939691518206862
1.7057500000000003      0.9394260342320205
1.7097400000000003      0.9391613238610144
1.7137300000000002      0.9388973838508975
1.7177200000000001      0.9386342109600763
1.7217100000000003      0.9383718019486663
1.7257000000000002      0.9381101535788405
1.7296900000000002      0.9378492626151669
1.7336800000000003      0.9375891258249389
1.7376700000000003      0.9373297399784932
1.7416600000000002      0.9370711018495218
1.7456500000000001      0.9368132082153741
1.7496400000000003      0.936556055857349
1.7536300000000002      0.9362996415609829
1.7576200000000002      0.9360439621163227
1.7616100000000001      0.9357890143181982
1.7656000000000003      0.9355347949664806
1.7695900000000002      0.9352813008663386
1.7735800000000002      0.9350285288284826
1.7775700000000003      0.9347764756694039
1.7815600000000003      0.9345251382116064
1.7855500000000002      0.9342745132838314
1.7895400000000001      0.9340245977212763
1.7935300000000003      0.9337753883658041
1.7975200000000002      0.93352688206615
1.8015100000000002      0.933279075678119
1.8055000000000003      0.9330319660647777
1.8094900000000003      0.9327855500966424
1.8134800000000002      0.9325398246518577
1.8174700000000001      0.9322947866163709
1.8214600000000003      0.9320504328841024
1.8254500000000002      0.931806760357108
1.8294400000000002      0.9315637659457384
1.8334300000000003      0.9313214465687893
1.8374200000000003      0.9310797991536517
1.8414100000000002      0.930838820636453
1.8454000000000002      0.9305985079621963
1.8493900000000003      0.9303588580848914
1.8533800000000002      0.9301198679676842
1.8573700000000002      0.9298815345829814
1.8613600000000001      0.9296438549125675
1.8653500000000003      0.9294068259477221
1.8693400000000002      0.929170444689329
1.8733300000000002      0.9289347081479832
1.8773200000000003      0.9286996133440941
1.8813100000000003      0.9284651573079833
1.8853000000000002      0.9282313370799791
1.8892900000000001      0.9279981497105088
1.8932800000000003      0.9277655922601844
1.8972700000000002      0.9275336617998861
1.9012600000000002      0.9273023554108453
1.9052500000000003      0.9270716701847174
1.9092400000000003      0.9268416032236582
1.9132300000000002      0.9266121516403923
1.9172200000000001      0.9263833125582819
1.9212100000000003      0.9261550831113881
1.9252000000000002      0.9259274604445339
1.9291900000000002      0.9257004417133611
1.9331800000000003      0.925474024084386
1.9371700000000003      0.9252482047350499
1.9411600000000002      0.9250229808537715
1.9451500000000002      0.9247983496399903
1.9491400000000003      0.9245743083042135
1.9531300000000003      0.9243508540680553
1.9571200000000002      0.9241279841642782
1.9611100000000004      0.9239056958368277
1.9651000000000003      0.9236839863408679
1.9690900000000002      0.923462852942814
1.9730800000000002      0.9232422929203602
1.9770700000000003      0.9230223035625078
1.9810600000000003      0.9228028821695927
1.9850500000000002      0.9225840260533062
1.9890400000000004      0.9223657325367169
1.9930300000000003      0.922147998954292
1.9970200000000002      0.9219308226519116
2.00101      0.921714200986886
2.0050000000000003      0.9214981313279703
2.0089900000000003      0.9212826110553737
2.01298      0.9210676375607717
2.01697      0.9208532082473151
2.02096      0.9206393205296338
2.02495      0.9204259718338456
2.02894      0.9202131595975576
2.03293      0.9200008812698688
2.03692      0.9197891343113715
2.0409100000000002      0.9195779161941489
2.0449      0.9193672244017753
2.04889      0.9191570564293099
2.05288      0.9189474097832939
2.05687      0.9187382819817427
2.06086      0.9185296705541404
2.06485      0.9183215730414286
2.0688400000000002      0.9181139869959983
2.07283      0.9179069099816796
2.07682      0.9177003395737269
2.08081      0.9174942733588074
2.0848      0.9172887089349869
2.08879      0.9170836439117133
2.09278      0.9168790759098014
2.0967700000000002      0.9166750025614149
2.10076      0.9164714215100477
2.10475      0.916268330410506
2.10874      0.9160657269288865
2.11273      0.9158636087425572
2.11672      0.9156619735401333
2.12071      0.9154608190214574
2.1247000000000003      0.9152601428975734
2.12869      0.9150599428907034
2.13268      0.914860216734223
2.13667      0.9146609621726352
2.14066      0.9144621769615445
2.14465      0.9142638588676284
2.14864      0.9140660056686116
2.1526300000000003      0.9138686151532361
2.15662      0.9136716851212338
2.16061      0.9134752133832944
2.1646      0.9132791977610378
2.16859      0.9130836360869823
2.17258      0.9128885262045124
2.17657      0.9126938659678496
2.18056      0.9124996532420168
2.18455      0.912305885902808
2.18854      0.9121125618367545
2.19253      0.9119196789410903
2.19652      0.9117272351237189
2.20051      0.9115352283031785
2.2045      0.9113436564086066
2.20849      0.9111525173797052
2.2124800000000002      0.9109618091667051
2.21647      0.9107715297303289
2.22046      0.9105816770417562
2.22445      0.910392249082585
2.22844      0.9102032438447955
2.23243      0.9100146593307129
2.23642      0.9098264935529695
2.2404100000000002      0.9096387445344667
2.2444      0.9094514103083359
2.24839      0.9092644889179015
2.25238      0.9090779784166412
2.25637      0.9088918768681473
2.26036      0.9087061823460871
2.26435      0.908520892934164
2.2683400000000002      0.9083360067260777
2.27233      0.9081515218254844
2.27632      0.9079674363459564
2.28031      0.9077837484109419
2.2843      0.9076004561537259
2.28829      0.9074175577173876
2.29228      0.9072350512547621
2.2962700000000003      0.9070529349283974
2.30026      0.9068712069105154
2.30425      0.9066898653829695
2.30824      0.9065089085372042
2.31223      0.9063283345742135
2.31622      0.9061481417045
2.32021      0.9059683281480326
2.3242000000000003      0.9057888921342069
2.32819      0.9056098319018003
2.33218      0.9054311456989349
2.33617      0.9052528317830308
2.34016      0.9050748884207692
2.34415      0.9048973138880467
2.34814      0.904720106469936
2.3521300000000003      0.9045432644606429
2.35612      0.904366786163464
2.36011      0.9041906698907467
2.3641      0.9040149139638449
2.36809      0.9038395167130793
2.37208      0.9036644764776934
2.37607      0.9034897916058134
2.3800600000000003      0.9033154604544051
2.3840500000000002      0.9031414813892328
2.38804      0.9029678527848165
2.39203      0.9027945730243906
2.39602      0.9026216404998629
2.40001      0.9024490536117704
2.404      0.9022768107692403
2.4079900000000003      0.9021049103899468
2.4119800000000002      0.9019333509000695
2.41597      0.9017621307342519
2.41996      0.9015912483355605
2.42395      0.901420702155442
2.42794      0.9012504906536823
2.43193      0.9010806122983662
2.4359200000000003      0.9009110655658348
2.4399100000000002      0.9007418489406444
2.4439      0.9005729609155255
2.44789      0.9004043999913426
2.45188      0.9002361646770511
2.45587      0.9000682534896587
2.45986      0.8999006649541832
2.46385      0.8997333976036114
2.4678400000000003      0.89956644997886
2.47183      0.8993998206287334
2.47582      0.8992335081098837
2.47981      0.899067510986771
2.4838      0.8989018278316229
2.48779      0.8987364572243932
2.49178      0.8985713977527235
2.4957700000000003      0.8984066480119021
2.49976      0.8982422066048248
2.50375      0.8980780721419545
2.50774      0.8979142432412826
2.51173      0.8977507185282882
2.51572      0.8975874966359001
2.51971      0.8974245762044567
2.5237000000000003      0.8972619558816665
2.52769      0.8970996343225708
2.53168      0.8969376101895028
2.53567      0.8967758821520498
2.53966      0.8966144488870158
2.54365      0.8964533090783797
2.54764      0.8962924614172607
2.5516300000000003      0.8961319046018776
2.5556200000000002      0.8959716373375117
2.55961      0.8958116583364689
2.5636      0.895651966318041
2.56759      0.8954925600084698
2.57158      0.8953334381409073
2.57557      0.8951745994553802
2.5795600000000003      0.8950160426987522
2.5835500000000002      0.8948577666246854
2.58754      0.8946997699936062
2.59153      0.8945420515726653
2.59552      0.8943846101357038
2.59951      0.8942274444632152
2.6035      0.8940705533423087
2.6074900000000003      0.8939139355666743
2.6114800000000002      0.8937575899365459
2.61547      0.8936015152586654
2.61946      0.8934457103462465
2.62345      0.8932901740189403
2.62744      0.8931349051027991
2.63143      0.8929799024302404
2.6354200000000003      0.8928251648400128
2.6394100000000003      0.8926706911771611
2.6434      0.8925164802929901
2.64739      0.8923625310450313
2.65138      0.8922088422970073
2.65537      0.8920554129187978
2.65936      0.8919022417864061
2.6633500000000003      0.8917493277819242
2.6673400000000003      0.8915966697934978
2.67133      0.891444266715295
2.67532      0.8912921174474707
2.67931      0.8911402208961339
2.6833      0.8909885759733144
2.68729      0.8908371815969294
2.69128      0.8906860366907501
2.6952700000000003      0.8905351401843703
2.69926      0.8903844910131719
2.70325      0.8902340881182934
2.70724      0.8900839304465974
2.71123      0.8899340169506386
2.71522      0.8897843465886305
2.71921      0.8896349183244152
2.7232000000000003      0.8894857311274303
2.7271900000000002      0.8893367839726783
2.73118      0.8891880758406946
2.73517      0.8890396057175157
2.73916      0.8888913725946491
2.74315      0.8887433754690418
2.74714      0.8885956133430494
2.7511300000000003      0.8884480852244057
2.7551200000000002      0.888300790126192
2.75911      0.8881537270668066
2.7631      0.888006895069935
2.76709      0.8878602931645194
2.77108      0.8877139203847287
2.77507      0.88756777576993
2.7790600000000003      0.8874218583646569
2.7830500000000002      0.8872761672185817
2.78704      0.8871307013864859
2.79103      0.8869854599282303
2.79502      0.8868404419087267
2.79901      0.8866956463979088
2.803      0.8865510724707036
2.8069900000000003      0.886406719207003
2.8109800000000003      0.8862625856916346
2.81497      0.886118671014335
2.81896      0.88597497426972
2.82295      0.8858314945572582
2.82694      0.885688230981242
2.83093      0.8855451826507612
2.8349200000000003      0.8854023486796733
2.8389100000000003      0.8852597281865796
2.8429      0.885117320294795
2.84689      0.8849751241323215
2.85088      0.884833138831823
2.85487      0.8846913635305963
2.85886      0.8845497973705464
2.8628500000000003      0.8844084394981587
2.8668400000000003      0.8842672890644735
2.87083      0.8841263452250592
2.87482      0.8839856071399863
2.87881      0.8838450739738029
2.8828      0.8837047448955065
2.88679      0.8835646190785206
2.8907800000000003      0.8834246957006681
2.8947700000000003      0.8832849739441457
2.8987600000000002      0.8831454529955006
2.90275      0.8830061320456029
2.90674      0.8828670102896223
2.91073      0.8827280869270036
2.91472      0.88258936116144
2.9187100000000004      0.8824508322008517
2.9227000000000003      0.8823124992573589
2.9266900000000002      0.8821743615472587
2.93068      0.8820364182910012
2.93467      0.881898668713165
2.93866      0.8817611120424343
2.94265      0.8816237475115736
2.9466400000000004      0.8814865743574058
2.9506300000000003      0.8813495918207884
2.9546200000000002      0.8812127991465897
2.95861      0.8810761955836653
2.9626      0.8809397803848376
2.96659      0.8808035528068686
2.97058      0.8806675121104419
2.97457      0.8805316575601363
2.9785600000000003      0.8803959884244054
2.9825500000000003      0.880260503975555
2.98654      0.88012520348972
2.99053      0.8799900862468434
2.99452      0.8798551515306531
2.99851      0.8797203986286415
3.0025      0.8795858268320423
3.0064900000000003      0.87945143543581
3.0104800000000003      0.8793172237385982
3.01447      0.8791831910427377
3.01846      0.8790493366542159
3.02245      0.8789156598826557
3.02644      0.8787821600412936
3.03043      0.8786488364469607
3.0344200000000003      0.8785156884200597
3.0384100000000003      0.8783827152845459
3.0424      0.878249916367906
3.04639      0.8781172910011386
3.05038      0.8779848385187321
3.05437      0.877852558258647
3.05836      0.8777204495622932
3.0623500000000003      0.8775885117745132
3.0663400000000003      0.8774567442435596
3.0703300000000002      0.8773251463210765
3.07432      0.8771937173620799
3.07831      0.8770624567249385
3.0823      0.8769313637713543
3.08629      0.8768004378663427
3.0902800000000004      0.8766696783782142
3.0942700000000003      0.8765390846785555
3.0982600000000002      0.8764086561422093
3.10225      0.8762783921472581
3.10624      0.8761482920750018
3.11023      0.8760183553099435
3.11422      0.8758885812397675
3.1182100000000004      0.8757589692553228
3.1222000000000003      0.8756295187506045
3.1261900000000002      0.8755002291227348
3.13018      0.8753710997719473
3.13417      0.8752421301015663
3.13816      0.8751133195179914
3.14215      0.8749846674306779
3.1461400000000004      0.8748561732521206
3.1501300000000003      0.8747278363978356
3.1541200000000003      0.8745996562863428
3.15811      0.8744716323391498
3.1621      0.8743437639807337
3.16609      0.8742160506385234
3.17008      0.8740884917428842
3.1740700000000004      0.8739610867271002
3.1780600000000003      0.8738338350273576
3.1820500000000003      0.8737067360827276
3.18604      0.8735797893351509
3.19003      0.8734529942294199
3.19402      0.8733263502131633
3.19801      0.8731998567368298
3.202      0.8730735132536714
3.2059900000000003      0.8729473192197273
3.2099800000000003      0.8728212740938092
3.21397      0.8726953773374838
3.21796      0.8725696284150571
3.22195      0.8724440267935609
3.22594      0.8723185719427341
3.22993      0.872193263335009
3.2339200000000003      0.8720681004454963
3.2379100000000003      0.8719430827519683
3.2419000000000002      0.8718182097348445
3.24589      0.8716934808771767
3.24988      0.8715688956646335
3.25387      0.8714444535854853
3.25786      0.8713201541305902
3.2618500000000004      0.8711959967933782
3.2658400000000003      0.8710719810698365
3.2698300000000002      0.8709481064584966
3.27382      0.8708243724604174
3.27781      0.8707007785791725
3.2818      0.8705773243208353
3.28579      0.8704540091939644
3.2897800000000004      0.8703308327095899
3.2937700000000003      0.8702077943811998
3.2977600000000002      0.8700848937247243
3.30175      0.8699621302585242
3.30574      0.8698395035033746
3.30973      0.869717012982453
3.31372      0.8695946582213259
3.3177100000000004      0.8694724387479325
3.3217000000000003      0.8693503540925744
3.3256900000000003      0.8692284037879013
3.32968      0.8691065873688959
3.33367      0.8689849043728624
3.33766      0.8688633543394133
3.34165      0.8687419368104555
3.3456400000000004      0.8686206513301777
3.3496300000000003      0.8684994974450377
3.3536200000000003      0.8683784747037488
3.35761      0.8682575826572679
3.3616      0.8681368208587822
3.36559      0.8680161888636968
3.36958      0.8678956862296218
3.3735700000000004      0.8677753125163602
3.3775600000000003      0.867655067285896
3.3815500000000003      0.8675349501023805
3.38554      0.8674149605321207
3.38953      0.8672950981435683
3.39352      0.8671753625073053
3.39751      0.8670557531960342
3.4015000000000004      0.8669362697845641
3.4054900000000004      0.8668169118498003
3.4094800000000003      0.866697678970732
3.4134700000000002      0.8665785707284198
3.41746      0.866459586705985
3.42145      0.8663407264885985
3.42544      0.8662219896634672
3.4294300000000004      0.8661033758198241
3.4334200000000004      0.8659848845489173
3.4374100000000003      0.865866515443997
3.4414000000000002      0.8657482681003057
3.44539      0.8656301421150662
3.44938      0.8655121370874711
3.45337      0.8653942526186708
3.4573600000000004      0.865276488311764
3.4613500000000004      0.865158843771785
3.4653400000000003      0.8650413186056942
3.4693300000000002      0.8649239124223665
3.47332      0.8648066248325813
3.47731      0.8646894554490112
3.4813      0.8645724038862114
3.48529      0.8644554697606095
3.4892800000000004      0.8643386526904951
3.4932700000000003      0.8642219522960092
3.4972600000000003      0.8641053681991334
3.50125      0.8639889000236803
3.50524      0.8638725473952832
3.50923      0.8637563099413857
3.51322      0.8636401872912315
3.5172100000000004      0.8635241790758541
3.5212000000000003      0.8634082849280686
3.5251900000000003      0.8632925044824588
3.52918      0.8631768373753701
3.53317      0.8630612832448977
3.53716      0.8629458417308784
3.54115      0.8628305124748796
3.5451400000000004      0.8627152951201904
3.5491300000000003      0.8626001893118128
3.5531200000000003      0.8624851946964501
3.55711      0.8623703109224995
3.5611      0.8622555376400411
3.56509      0.8621408745008298
3.56908      0.8620263211582856
3.5730700000000004      0.8619118772674838
3.5770600000000004      0.8617975424851466
3.5810500000000003      0.8616833164696339
3.5850400000000002      0.8615691988809334
3.58903      0.8614551893806531
3.59302      0.8613412876320108
3.59701      0.8612274932998263
3.6010000000000004      0.8611138060505111
3.6049900000000004      0.8610002255520617
3.6089800000000003      0.8608867514740496
3.6129700000000002      0.8607733834876121
3.61696      0.8606601212654452
3.62095      0.8605469644817938
3.62494      0.8604339128124429
3.6289300000000004      0.8603209659347101
3.6329200000000004      0.8602081235274376
3.6369100000000003      0.8600953852709817
3.6409000000000002      0.8599827508472069
3.64489      0.8598702199394753
3.64888      0.8597577922326404
3.65287      0.8596454674130377
3.6568600000000004      0.8595332451684771
3.6608500000000004      0.8594211251882345
3.6648400000000003      0.8593091071630435
3.6688300000000003      0.859197190785089
3.67282      0.8590853757479964
3.67681      0.8589736617468267
3.6808      0.8588620484780664
3.6847900000000005      0.8587505356396211
3.6887800000000004      0.8586391229308068
3.6927700000000003      0.8585278100523432
3.6967600000000003      0.8584165967063453
3.70075      0.8583054825963152
3.70474      0.858194467427136
3.70873      0.8580835509050634
3.71272      0.8579727327377185
3.7167100000000004      0.8578620126340797
3.7207000000000003      0.8577513903044762
3.7246900000000003      0.8576408654605799
3.72868      0.8575304378153991
3.73267      0.8574201070832698
3.73666      0.8573098729798498
3.74065      0.8571997352221108
3.7446400000000004      0.8570896935283314
3.7486300000000004      0.8569797476180903
3.7526200000000003      0.8568698972122584
3.7566100000000002      0.856760142032993
3.7606      0.85665048180373
3.76459      0.8565409162491772
3.76858      0.8564314450953071
3.7725700000000004      0.8563220680693511
3.7765600000000004      0.8562127848997911
3.7805500000000003      0.8561035953163544
3.7845400000000002      0.8559944990500051
3.78853      0.8558854958329397
3.79252      0.8557765853985783
3.79651      0.8556677674815597
3.8005000000000004      0.8555590418177335
3.8044900000000004      0.8554504081441535
3.8084800000000003      0.8553418661990736
3.8124700000000002      0.8552334157219379
3.81646      0.855125056453377
3.82045      0.8550167881352008
3.82444      0.8549086105103902
3.8284300000000004      0.854800523323095
3.8324200000000004      0.8546925263186228
3.8364100000000003      0.854584619243437
3.8404000000000003      0.8544768018451485
3.84439      0.8543690738725087
3.84838      0.8542614350754059
3.85237      0.8541538852048565
3.8563600000000005      0.8540464240130015
3.8603500000000004      0.8539390512530984
3.8643400000000003      0.8538317666795168
3.8683300000000003      0.8537245700477313
3.87232      0.8536174611143159
3.87631      0.8535104396369387
3.8803      0.8534035053743553
3.8842900000000005      0.8532966580864036
3.8882800000000004      0.8531898975339978
3.8922700000000003      0.8530832234791224
3.8962600000000003      0.8529766356848268
3.90025      0.8528701339152199
3.90424      0.8527637179354637
3.90823      0.8526573875117683
3.9122200000000005      0.8525511424113861
3.9162100000000004      0.8524449824026066
3.9202000000000004      0.8523389072547506
3.9241900000000003      0.8522329167381643
3.9281800000000002      0.8521270106242147
3.93217      0.8520211886852841
3.93616      0.8519154506947638
3.9401500000000005      0.8518097964270497
3.9441400000000004      0.8517042256575367
3.9481300000000004      0.8515987381626138
3.9521200000000003      0.8514933337196575
3.9561100000000002      0.8513880121070283
3.9601      0.8512827731040645
3.96409      0.8511776164910775
3.9680800000000005      0.8510725420493457
3.9720700000000004      0.8509675495611114
3.9760600000000004      0.8508626388095734
3.9800500000000003      0.8507578095788834
3.9840400000000002      0.850653061654141
3.98803      0.8505483948213877
3.99202      0.8504438088676025
3.99601      0.8503393035806983
4.0      0.8502348787495143
