0.01      0.35505143251332827
0.01399      0.3683822098365244
0.017980000000000003      0.379282821414522
0.021970000000000003      0.38881726180699755
0.025960000000000004      0.3975167270845004
0.029950000000000004      0.40568267031172917
0.033940000000000005      0.41350056513915784
0.037930000000000005      0.4210907896667937
0.041920000000000006      0.4285342835146104
0.045910000000000006      0.43588667676002285
0.04990000000000001      0.4431866181928197
0.05389000000000001      0.45046095857262014
0.05788000000000001      0.4577281234623039
0.06187000000000001      0.4650003911103732
0.06586      0.4722854799487756
0.06985000000000001      0.47958768496200715
0.07384      0.48690870996082286
0.07783      0.49424828918895597
0.08182      0.5016046594043556
0.08581000000000001      0.5089749235128682
0.0898      0.5163553340139189
0.09379      0.5237415161218846
0.09778      0.5311286448021532
0.10177000000000001      0.538511586114045
0.10576      0.5458850105712939
0.10975      0.5532434843283304
0.11374000000000001      0.5605815426284425
0.11773000000000002      0.567893748944908
0.12172000000000001      0.5751747424994774
0.12571000000000002      0.5824192762803302
0.1297      0.5896222472529364
0.13369000000000003      0.5967787201266419
0.13768000000000002      0.6038839457820785
0.14167000000000002      0.610933375261652
0.14566      0.6179226700642672
0.14965000000000003      0.6248477093564653
0.15364000000000003      0.6317045946081405
0.15763000000000002      0.6384896520765281
0.16162000000000004      0.6451994334931775
0.16561000000000003      0.6518307152519661
0.16960000000000003      0.6583804963494366
0.17359000000000002      0.6648459952899759
0.17758000000000002      0.671224646136065
0.18157000000000004      0.6775140938568529
0.18556000000000003      0.6837121891056744
0.18955000000000002      0.6898169825380871
0.19354000000000005      0.6958267187659154
0.19753000000000004      0.7017398300291672
0.20152000000000003      0.7075549296561132
0.20551000000000003      0.7132708053719491
0.20950000000000002      0.7188864125080267
0.21349000000000004      0.7244008671564087
0.21748000000000003      0.7298134393082731
0.22147000000000003      0.7351235460093312
0.22546000000000005      0.7403307445607706
0.22945000000000004      0.7454347257902028
0.23344000000000004      0.750435307413576
0.23743000000000003      0.7553324275059524
0.24142000000000002      0.7601261380963451
0.24541000000000004      0.7648165988994583
0.24940000000000004      0.7694040711950835
0.25339      0.7738889118640657
0.25738000000000005      0.7782715675881188
0.26137000000000005      0.782552569219331
0.26536000000000004      0.786732526323905
0.26935000000000003      0.7908121219035358
0.27334      0.7947921072968114
0.27733      0.7986732972620993
0.28132      0.8024565652425845
0.28531000000000006      0.8061428388133816
0.28930000000000006      0.8097330953100127
0.29329000000000005      0.8132283576369579
0.29728000000000004      0.8166296902544739
0.30127000000000004      0.8199381953414301
0.30526000000000003      0.8231550091315037
0.30925      0.8262812984197276
0.3132400000000001      0.8293182572360777
0.31723000000000007      0.8322671036825184
0.32122000000000006      0.8351290769296995
0.32521000000000005      0.8379054343692943
0.32920000000000005      0.8405974489178175
0.33319000000000004      0.8432064064676179
0.33718000000000004      0.8457336034806358
0.34117000000000003      0.8481803447204346
0.34516      0.850547941117954
0.34915000000000007      0.8528377077663902
0.35314000000000006      0.8550509620405936
0.35713000000000006      0.8571890218363643
0.36112000000000005      0.8592532039250443
0.36511000000000005      0.8612448224188283
0.36910000000000004      0.8631651873422557
0.37309000000000003      0.8650156033053994
0.3770800000000001      0.866797368274328
0.3810700000000001      0.8685117724344885
0.38506000000000007      0.8701600971427403
0.38905000000000006      0.8717436139638539
0.39304000000000006      0.8732635837873853
0.39703000000000005      0.8747212560209349
0.40102000000000004      0.8761178678559022
0.40501000000000004      0.8774546436019607
0.40900000000000003      0.8787327940865819
0.4129900000000001      0.8799535161160569
0.4169800000000001      0.8811179919945769
0.42097000000000007      0.882227389098052
0.42496000000000006      0.8832828594994667
0.42895000000000005      0.8842855396426881
0.43294000000000005      0.8852365500617592
0.43693000000000004      0.8861369951428327
0.4409200000000001      0.8869879629260152
0.4449100000000001      0.8877905249445027
0.4489000000000001      0.8885457360985141
0.45289000000000007      0.8892546345616285
0.45688000000000006      0.8899182417172558
0.46087000000000006      0.8905375621230666
0.46486000000000005      0.8911135835013235
0.46885000000000004      0.8916472767531496
0.47284000000000004      0.8921395959948821
0.4768300000000001      0.8925914786147436
0.4808200000000001      0.8930038453481691
0.4848100000000001      0.893377600370214
0.48880000000000007      0.8937136314035558
0.49279000000000006      0.8940128098406918
0.49678000000000005      0.8942759908790132
0.50077      0.8945040136675185
0.5047600000000001      0.894697701464004
0.50875      0.8948578618016402
0.5127400000000001      0.8949852866639181
0.51673      0.8950807526670084
0.5207200000000001      0.8951450212486458
0.5247100000000001      0.8951788388627127
0.5287000000000001      0.8951829371787455
0.5326900000000001      0.8951580332856519
0.53668      0.8951048298989732
0.5406700000000001      0.8950240155710761
0.54466      0.8949162649037059
0.5486500000000001      0.8947822387623771
0.55264      0.894622584492117
0.5566300000000001      0.894437936134119
0.5606200000000001      0.8942289146428993
0.5646100000000001      0.8939961281035804
0.5686000000000001      0.893740171948967
0.57259      0.8934616291760986
0.5765800000000001      0.8931610705619989
0.58057      0.8928390548783682
0.5845600000000001      0.8924961291049862
0.5885500000000001      0.8921328286416177
0.5925400000000001      0.8917496775182349
0.5965300000000001      0.891347188603391
0.60052      0.8909258638105958
0.6045100000000001      0.8904861943025609
0.6085      0.8900286606932022
0.6124900000000001      0.8895537332472949
0.6164800000000001      0.8890618720776979
0.6204700000000001      0.8885535273400668
0.6244600000000001      0.8880291394249962
0.6284500000000001      0.8874891391475346
0.6324400000000001      0.8869339479340285
0.63643      0.8863639780062589
0.6404200000000001      0.885779632562845
0.64441      0.88518130595789
0.6484000000000001      0.8845693838768582
0.6523900000000001      0.8839442435096726
0.6563800000000001      0.8833062537210307
0.6603700000000001      0.8826557752179413
0.6643600000000001      0.8819931607144831
0.6683500000000001      0.8813187550938016
0.67234      0.8806328955673512
0.6763300000000001      0.8799359118314019
0.68032      0.8792281262208281
0.6843100000000001      0.8785098538602
0.6883000000000001      0.8777814028122026
0.6922900000000001      0.8770430742234055
0.6962800000000001      0.8762951624674095
0.7002700000000001      0.8755379552854003
0.7042600000000001      0.8747717339241375
0.70825      0.8739967732714061
0.7122400000000001      0.8732133419889674
0.7162300000000001      0.8724217026430341
0.7202200000000001      0.8716221118323076
0.7242100000000001      0.8708148203136068
0.7282000000000001      0.8700000731251232
0.7321900000000001      0.8691781097073333
0.7361800000000001      0.8683491640216058
0.7401700000000001      0.8675134646665325
0.7441600000000002      0.8666712349920213
0.7481500000000001      0.865822693211181
0.7521400000000001      0.8649680525100336
0.7561300000000001      0.8641075211550883
0.7601200000000001      0.8632413025988078
0.7641100000000001      0.862369595583004
0.7681000000000001      0.861492594240193
0.77209      0.8606104881929437
0.7760800000000001      0.8597234626512525
0.7800700000000002      0.8588316985079762
0.7840600000000001      0.8579353724323561
0.7880500000000001      0.8570346569616624
0.7920400000000001      0.8561297205909955
0.7960300000000001      0.8552207278612699
0.8000200000000001      0.8543078394454149
0.8040100000000001      0.8533912122328219
0.808      0.8524709994120689
0.8119900000000001      0.8515473505519513
0.8159800000000001      0.8506204116808488
0.8199700000000001      0.8496903253644597
0.8239600000000001      0.8487572307819279
0.8279500000000001      0.8478212638003944
0.8319400000000001      0.8468825570479999
0.8359300000000001      0.8459412399853675
0.8399200000000001      0.8449974389755917
0.8439100000000002      0.8440512773527623
0.8479000000000001      0.8431028754890496
0.8518900000000001      0.8421523508603769
0.8558800000000001      0.8411998181107083
0.8598700000000001      0.8402453891149753
0.8638600000000001      0.8392891730406687
0.8678500000000001      0.8383312764081229
0.8718400000000002      0.837371803149514
0.8758300000000001      0.8364108546665989
0.8798200000000002      0.8354485298872186
0.8838100000000001      0.8344849253205895
0.8878000000000001      0.8335201351114061
0.8917900000000001      0.8325542510927793
0.8957800000000001      0.831587362838031
0.8997700000000001      0.8306195577113706
0.9037600000000001      0.8296509209174717
0.9077500000000002      0.8286815355499746
0.9117400000000001      0.8277114826389335
0.9157300000000002      0.8267408411972305
0.9197200000000001      0.8257696882659776
0.9237100000000001      0.8247980989589259
0.9277000000000001      0.823826146505904
0.9316900000000001      0.8228539022953036
0.9356800000000001      0.8218814359156335
0.9396700000000001      0.8209088151961589
0.9436600000000002      0.8199361062466478
0.9476500000000001      0.8189633734962418
0.9516400000000002      0.8179906797314672
0.9556300000000001      0.8170180861334083
0.9596200000000001      0.8160456523140581
0.9636100000000001      0.8150734363518644
0.9676000000000001      0.8141014948264872
0.9715900000000002      0.8131298828527868
0.9755800000000001      0.8121586541140545
0.9795700000000002      0.8111878608945079
0.9835600000000001      0.810217554111061
0.9875500000000001      0.8092477833443871
0.9915400000000001      0.808278596869291
0.9955300000000001      0.8073100416844022
0.9995200000000002      0.806342163541208
1.0035100000000001      0.805375006972434
1.0075      0.8044086153197962
1.0114900000000002      0.8034430307611277
1.0154800000000002      0.8024782943369012
1.01947      0.8015144459761578
1.02346      0.8005515245218542
1.0274500000000002      0.7995895677556427
1.0314400000000001      0.7986286124220966
1.03543      0.7976686942523906
1.0394200000000002      0.7967098479874526
1.0434100000000002      0.7957521074005938
1.0474      0.7947955053196329
1.05139      0.793840073648522
1.0553800000000002      0.7928858433884884
1.0593700000000001      0.7919328446587006
1.06336      0.7909811067164706
1.0673500000000002      0.7900306579770029
1.0713400000000002      0.789081526032698
1.0753300000000001      0.7881337376720249
1.07932      0.7871873188979668
1.0833100000000002      0.786242294946054
1.0873000000000002      0.7852986903019907
1.09129      0.7843565287188865
1.09528      0.7834158332340987
1.0992700000000002      0.7824766261856994
1.1032600000000001      0.7815389292285686
1.10725      0.7806027633501287
1.1112400000000002      0.779668148885724
1.1152300000000002      0.7787351055336549
1.11922      0.7778036523698739
1.12321      0.7768738078623527
1.1272000000000002      0.7759455898851245
1.1311900000000001      0.7750190157320134
1.13518      0.7740941021300535
1.1391700000000002      0.7731708652526075
1.1431600000000002      0.7722493207321905
1.1471500000000001      0.7713294836730064
1.15114      0.7704113686632029
1.1551300000000002      0.7694949897868512
1.1591200000000002      0.7685803606356564
1.16311      0.7676674943204073
1.1671000000000002      0.7667564034821664
1.1710900000000002      0.7658471003032135
1.1750800000000001      0.7649395965177377
1.17907      0.7640339034222967
1.1830600000000002      0.7631300318860365
1.1870500000000002      0.7622279923606854
1.19104      0.7613277948903222
1.1950300000000003      0.7604294491209272
1.1990200000000002      0.759532964309719
1.2030100000000001      0.7586383493342816
1.207      0.7577456127014887
1.2109900000000002      0.7568547625562279
1.2149800000000002      0.7559658066899291
1.21897      0.7550787525489034
1.2229600000000003      0.754193607242496
1.2269500000000002      0.7533103775510549
1.2309400000000001      0.7524290699337237
1.23493      0.7515496905360604
1.2389200000000002      0.7506722451974844
1.2429100000000002      0.7497967394585596
1.2469000000000001      0.7489231785681131
1.25089      0.7480515674901964
1.2548800000000002      0.747181910910891
1.2588700000000002      0.7463142132449624
1.26286      0.7454484786423653
1.2668500000000003      0.7445847109946053
1.2708400000000002      0.743722913940957
1.2748300000000001      0.7428630908745453
1.27882      0.7420052449482906
1.2828100000000002      0.7411493790807211
1.2868000000000002      0.7402954959616578
1.29079      0.7394435980577703
1.2947800000000003      0.7385936876180116
1.2987700000000002      0.7377457666789299
1.3027600000000001      0.7368998370698642
1.30675      0.7360559004180232
1.3107400000000002      0.7352139581534517
1.3147300000000002      0.7343740115138868
1.3187200000000001      0.7335360615495061
1.3227100000000003      0.7327001091275702
1.3267000000000002      0.7318661549369628
1.3306900000000002      0.7310341994926297
1.33468      0.7302042431399185
1.3386700000000002      0.7293762860588229
1.3426600000000002      0.728550328268133
1.3466500000000001      0.7277263696294926
1.35064      0.7269044098513672
1.3546300000000002      0.726084448492923
1.3586200000000002      0.7252664849678214
1.36261      0.7244505185479285
1.3666000000000003      0.7236365483669414
1.3705900000000002      0.7228245734239357
1.3745800000000001      0.7220145925868333
1.37857      0.721206604595794
1.3825600000000002      0.7204006080665307
1.3865500000000002      0.7195966014935522
1.39054      0.718794583253334
1.3945300000000003      0.7179945516074182
1.3985200000000002      0.7171965047054445
1.4025100000000001      0.7164004405881153
1.4065      0.715606357190093
1.4104900000000002      0.714814252342835
1.4144800000000002      0.7140241237773645
1.4184700000000001      0.7132359691269796
1.4224600000000003      0.7124497859299049
1.4264500000000002      0.7116655716318794
1.4304400000000002      0.710883323588692
1.43443      0.7101030390686572
1.4384200000000003      0.7093247152550375
1.4424100000000002      0.7085483492484116
1.4464000000000001      0.7077739380689897
1.4503900000000003      0.7070014786588774
1.4543800000000002      0.7062309678842897
1.4583700000000002      0.7054624025377151
1.46236      0.704695779340032
1.4663500000000003      0.7039310949425779
1.4703400000000002      0.7031683459291724
1.4743300000000001      0.7024075288180954
1.4783200000000003      0.7016486400640206
1.4823100000000002      0.7008916760599065
1.4863000000000002      0.7001366331388456
1.4902900000000001      0.6993835075758702
1.4942800000000003      0.6986322955897216
1.4982700000000002      0.6978829933445758
1.5022600000000002      0.6971355969517329
1.50625      0.6963901024712686
1.5102400000000002      0.6956465059136481
1.5142300000000002      0.694904803241304
1.5182200000000001      0.6941649903701793
1.5222100000000003      0.6934270631712345
1.5262000000000002      0.6926910174719233
1.5301900000000002      0.6919568490576324
1.53418      0.6912245536730905
1.5381700000000003      0.6904941270237457
1.5421600000000002      0.6897655647771107
1.5461500000000001      0.6890388625640794
1.5501400000000003      0.6883140159802119
1.5541300000000002      0.6875910205869922
1.5581200000000002      0.6868698719130562
1.56211      0.6861505654553923
1.5661000000000003      0.6854330966805159
1.5700900000000002      0.684717461025615
1.5740800000000001      0.6840036538996718
1.5780700000000003      0.683291670684558
1.5820600000000002      0.6825815067361053
1.5860500000000002      0.6818731573851514
1.5900400000000001      0.6811666179385623
1.5940300000000003      0.680461883680231
1.5980200000000002      0.6797589498720537
1.6020100000000002      0.6790578117548838
1.606      0.6783584645494629
1.6099900000000003      0.677660903457332
1.6139800000000002      0.6769651236617205
1.6179700000000001      0.6762711203284153
1.6219600000000003      0.6755788886066098
1.6259500000000002      0.6748884236297333
1.6299400000000002      0.6741997205162605
1.63393      0.6735127743705037
1.6379200000000003      0.6728275802833849
1.6419100000000002      0.6721441333331912
1.6459000000000001      0.6714624285863122
1.6498900000000003      0.6707824610979597
1.6538800000000002      0.6701042259128711
1.6578700000000002      0.6694277180659965
1.6618600000000001      0.6687529325831686
1.6658500000000003      0.6680798644817577
1.6698400000000002      0.6674085087713119
1.6738300000000002      0.66673886045418
1.6778200000000003      0.6660709145261214
1.6818100000000002      0.6654046659769015
1.6858000000000002      0.6647401097908716
1.6897900000000001      0.6640772409475363
1.6937800000000003      0.6634160544221066
1.6977700000000002      0.6627565451860394
1.7017600000000002      0.6620987082075657
1.7057500000000003      0.6614425384522034
1.7097400000000003      0.6607880308832599
1.7137300000000002      0.6601351804623213
1.7177200000000001      0.6594839821497307
1.7217100000000003      0.6588344309050532
1.7257000000000002      0.6581865216875313
1.7296900000000002      0.657540249456528
1.7336800000000003      0.6568956091719585
1.7376700000000003      0.6562525957947137
1.7416600000000002      0.6556112042870693
1.7456500000000001      0.6549714296130883
1.7496400000000003      0.6543332667390113
1.7536300000000002      0.6536967106336377
1.7576200000000002      0.6530617562686976
1.7616100000000001      0.6524283986192131
1.7656000000000003      0.6517966326638519
1.7695900000000002      0.651166453385271
1.7735800000000002      0.6505378557704515
1.7775700000000003      0.6499108348110253
1.7815600000000003      0.6492853855035932
1.7855500000000002      0.6486615028500342
1.7895400000000001      0.6480391818578075
1.7935300000000003      0.6474184175402461
1.7975200000000002      0.646799204916843
1.8015100000000002      0.6461815390135289
1.8055000000000003      0.6455654148629443
1.8094900000000003      0.6449508275047021
1.8134800000000002      0.6443377719856453
1.8174700000000001      0.6437262433600957
1.8214600000000003      0.6431162366900972
1.8254500000000002      0.6425077470456523
1.8294400000000002      0.6419007695049515
1.8334300000000003      0.6412952991545965
1.8374200000000003      0.6406913310898178
1.8414100000000002      0.6400888604146849
1.8454000000000002      0.6394878822423127
1.8493900000000003      0.6388883916950588
1.8533800000000002      0.6382903839047188
1.8573700000000002      0.6376938540127133
1.8613600000000001      0.6370987971702701
1.8653500000000003      0.6365052085386016
1.8693400000000002      0.6359130832890771
1.8733300000000002      0.6353224166033887
1.8773200000000003      0.6347332036737132
1.8813100000000003      0.6341454397028692
1.8853000000000002      0.6335591199044689
1.8892900000000001      0.6329742395030651
1.8932800000000003      0.6323907937342944
1.8972700000000002      0.6318087778450152
1.9012600000000002      0.6312281870934413
1.9052500000000003      0.6306490167492717
1.9092400000000003      0.6300712620938158
1.9132300000000002      0.6294949184201144
1.9172200000000001      0.6289199810330571
1.9212100000000003      0.6283464452494957
1.9252000000000002      0.627774306398353
1.9291900000000002      0.6272035598207287
1.9331800000000003      0.6266342008700017
1.9371700000000003      0.6260662249119276
1.9411600000000002      0.6254996273247345
1.9451500000000002      0.6249344034992133
1.9491400000000003      0.6243705488388065
1.9531300000000003      0.6238080587596923
1.9571200000000002      0.6232469286908665
1.9611100000000004      0.6226871540742204
1.9651000000000003      0.6221287303646167
1.9690900000000002      0.6215716530299609
1.9730800000000002      0.6210159175512706
1.9770700000000003      0.6204615194227427
1.9810600000000003      0.6199084541518163
1.9850500000000002      0.6193567172592335
1.9890400000000004      0.6188063042790973
1.9930300000000003      0.6182572107589283
1.9970200000000002      0.617709432259716
2.00101      0.6171629643559703
2.0050000000000003      0.6166178026357686
2.0089900000000003      0.6160739427008023
2.01298      0.6155313801664188
2.01697      0.6149901106616639
2.02096      0.6144501298293183
2.02495      0.6139114333259367
2.02894      0.6133740168218795
2.03293      0.6128378760013469
2.03692      0.6123030065624079
2.0409100000000002      0.6117694042170292
2.0449      0.611237064691101
2.04889      0.6107059837244615
2.05288      0.6101761570709189
2.05687      0.6096475804982727
2.06086      0.609120249788332
2.06485      0.6085941607369327
2.0688400000000002      0.6080693091539532
2.07283      0.6075456908633277
2.07682      0.6070233017030583
2.08081      0.6065021375252263
2.0848      0.6059821941960002
2.08879      0.6054634675956441
2.09278      0.6049459536185228
2.0967700000000002      0.6044296481731068
2.10076      0.6039145471819762
2.10475      0.6034006465818215
2.10874      0.6028879423234441
2.11273      0.6023764303717565
2.11672      0.601866106705779
2.12071      0.6013569673186371
2.1247000000000003      0.6008490082175568
2.12869      0.6003422254238591
2.13268      0.5998366149729526
2.13667      0.5993321729143258
2.14066      0.5988288953115382
2.14465      0.5983267782422097
2.14864      0.59782581779801
2.1526300000000003      0.5973260100846463
2.15662      0.5968273512218492
2.16061      0.5963298373433598
2.1646      0.5958334645969138
2.16859      0.5953382291442257
2.17258      0.5948441271609723
2.17657      0.5943511548367743
2.18056      0.5938593083751778
2.18455      0.5933685839936353
2.18854      0.5928789779234853
2.19253      0.592390486409931
2.19652      0.5919031057120185
2.20051      0.5914168321026148
2.2045      0.5909316618683843
2.20849      0.5904475913097643
2.2124800000000002      0.5899646167409416
2.21647      0.5894827344898261
2.22046      0.5890019408980257
2.22445      0.5885222323208187
2.22844      0.5880436051271279
2.23243      0.5875660556994924
2.23642      0.5870895804340384
2.2404100000000002      0.5866141757404516
2.2444      0.5861398380419475
2.24839      0.5856665637752408
2.25238      0.5851943493905155
2.25637      0.5847231913513941
2.26036      0.5842530861349053
2.26435      0.5837840302314533
2.2683400000000002      0.5833160201447847
2.27233      0.582849052391956
2.27632      0.5823831235032997
2.28031      0.5819182300223921
2.2843      0.5814543685060181
2.28829      0.5809915355241368
2.29228      0.580529727659848
2.2962700000000003      0.5800689415093553
2.30026      0.579609173681932
2.30425      0.5791504207998844
2.30824      0.5786926794985165
2.31223      0.5782359464260927
2.31622      0.5777802182438017
2.32021      0.5773254916257189
2.3242000000000003      0.5768717632587699
2.32819      0.5764190298426916
2.33218      0.575967288089996
2.33617      0.5755165347259303
2.34016      0.5750667664884402
2.34415      0.5746179801281299
2.34814      0.5741701724082247
2.3521300000000003      0.5737233401045304
2.35612      0.5732774800053956
2.36011      0.5728325889116712
2.3641      0.5723886636366713
2.36809      0.5719457010061333
2.37208      0.5715036978581778
2.37607      0.5710626510432687
2.3800600000000003      0.5706225574241726
2.3840500000000002      0.5701834138759188
2.38804      0.5697452172857588
2.39203      0.5693079645531245
2.39602      0.5688716525895887
2.40001      0.5684362783188236
2.404      0.5680018386765597
2.4079900000000003      0.5675683306105446
2.4119800000000002      0.5671357510805017
2.41597      0.5667040970580893
2.41996      0.5662733655268585
2.42395      0.5658435534822118
2.42794      0.5654146579313619
2.43193      0.5649866758932898
2.4359200000000003      0.5645596043987027
2.4399100000000002      0.5641334404899926
2.4439      0.5637081812211947
2.44789      0.5632838236579446
2.45188      0.5628603648774371
2.45587      0.5624378019683842
2.45986      0.5620161320309727
2.46385      0.561595352176822
2.4678400000000003      0.5611754595289428
2.47183      0.5607564512216945
2.47582      0.560338324400743
2.47981      0.5599210762230189
2.4838      0.5595047038566748
2.48779      0.5590892044810443
2.49178      0.5586745752865984
2.4957700000000003      0.5582608134749045
2.49976      0.5578479162585841
2.50375      0.5574358808612703
2.50774      0.557024704517566
2.51173      0.5566143844730018
2.51572      0.5562049179839939
2.51971      0.5557963023178023
2.5237000000000003      0.5553885347524887
2.52769      0.5549816125768746
2.53168      0.5545755330904991
2.53567      0.5541702936035775
2.53966      0.5537658914369593
2.54365      0.5533623239220863
2.54764      0.5529595884009512
2.5516300000000003      0.5525576822260551
2.5556200000000002      0.5521566027603672
2.55961      0.5517563473772824
2.5636      0.5513569134605798
2.56759      0.5509582984043814
2.57158      0.5505604996131107
2.57557      0.5501635145014517
2.5795600000000003      0.5497673404943073
2.5835500000000002      0.549371975026758
2.58754      0.5489774155440217
2.59153      0.5485836595014112
2.59552      0.5481907043642946
2.59951      0.5477985476080542
2.6035      0.547407186718045
2.6074900000000003      0.5470166191895549
2.6114800000000002      0.5466268425277636
2.61547      0.5462378542477022
2.61946      0.5458496518742129
2.62345      0.5454622329419082
2.62744      0.5450755949951316
2.63143      0.5446897355879163
2.6354200000000003      0.5443046522839463
2.6394100000000003      0.5439203426565156
2.6434      0.5435368042884883
2.64739      0.5431540347722601
2.65138      0.542772031709717
2.65537      0.5423907927121966
2.65936      0.5420103154004489
2.6633500000000003      0.5416305974045962
2.6673400000000003      0.5412516363640949
2.67133      0.5408734299276953
2.67532      0.5404959757534032
2.67931      0.5401192715084411
2.6833      0.5397433148692087
2.68729      0.5393681035212454
2.69128      0.5389936351591907
2.6952700000000003      0.5386199074867462
2.69926      0.538246918216637
2.70325      0.5378746650705739
2.70724      0.5375031457792152
2.71123      0.5371323580821283
2.71522      0.5367622997277525
2.71921      0.5363929684733604
2.7232000000000003      0.5360243620850211
2.7271900000000002      0.5356564783375628
2.73118      0.5352893150145344
2.73517      0.5349228699081687
2.73916      0.5345571408193462
2.74315      0.5341921255575567
2.74714      0.5338278219408631
2.7511300000000003      0.5334642277958648
2.7551200000000002      0.5331013409576607
2.75911      0.5327391592698127
2.7631      0.5323776805843098
2.76709      0.5320169027615311
2.77108      0.53165682367021
2.77507      0.5312974411873987
2.7790600000000003      0.5309387531984314
2.7830500000000002      0.5305807575968895
2.78704      0.5302234522845648
2.79103      0.5298668351714256
2.79502      0.5295109041755797
2.79901      0.5291556572232402
2.803      0.5288010922486902
2.8069900000000003      0.5284472071942476
2.8109800000000003      0.5280940000102307
2.81497      0.5277414686549227
2.81896      0.527389611094538
2.82295      0.5270384253031871
2.82694      0.5266879092628428
2.83093      0.5263380609633056
2.8349200000000003      0.5259888784021696
2.8389100000000003      0.5256403595847889
2.8429      0.5252925025242441
2.84689      0.5249453052413076
2.85088      0.5245987657644107
2.85487      0.5242528821296103
2.85886      0.5239076523805557
2.8628500000000003      0.5235630745684547
2.8668400000000003      0.5232191467520421
2.87083      0.5228758669975445
2.87482      0.5225332333786501
2.87881      0.5221912439764742
2.8828      0.5218498968795279
2.88679      0.5215091901836846
2.8907800000000003      0.5211691219921493
2.8947700000000003      0.5208296904154247
2.8987600000000002      0.5204908935712811
2.90275      0.5201527295847231
2.90674      0.5198151965879585
2.91073      0.5194782927203668
2.91472      0.5191420161284678
2.9187100000000004      0.5188063649658896
2.9227000000000003      0.5184713373933388
2.9266900000000002      0.5181369315785681
2.93068      0.5178031456963459
2.93467      0.5174699779284258
2.93866      0.5171374264635151
2.94265      0.5168054894972457
2.9466400000000004      0.5164741652321421
2.9506300000000003      0.5161434518775924
2.9546200000000002      0.515813347649817
2.95861      0.51548385077184
2.9626      0.515154959473458
2.96659      0.5148266719912109
2.97058      0.5144989865683526
2.97457      0.5141719014548206
2.9785600000000003      0.5138454149072076
2.9825500000000003      0.5135195251887318
2.98654      0.5131942305692077
2.99053      0.5128695293250172
2.99452      0.5125454197390807
2.99851      0.5122219001008286
3.0025      0.5118989687061724
3.0064900000000003      0.5115766238574759
3.0104800000000003      0.5112548638635281
3.01447      0.5109336870395133
3.01846      0.510613091706984
3.02245      0.5102930761938328
3.02644      0.5099736388342644
3.03043      0.5096547779687677
3.0344200000000003      0.5093364919440884
3.0384100000000003      0.5090187791132015
3.0424      0.5087016378352839
3.04639      0.5083850664756868
3.05038      0.5080690634059095
3.05437      0.5077536270035711
3.05836      0.5074387556523845
3.0623500000000003      0.5071244477421294
3.0663400000000003      0.5068107016686257
3.0703300000000002      0.506497515833707
3.07432      0.5061848886451936
3.07831      0.5058728185168674
3.0823      0.5055613038684446
3.08629      0.50525034312555
3.0902800000000004      0.5049399347196913
3.0942700000000003      0.5046300770882334
3.0982600000000002      0.5043207686743717
3.10225      0.5040120079271081
3.10624      0.5037037933012238
3.11023      0.5033961232572554
3.11422      0.5030889962614687
3.1182100000000004      0.5027824107858343
3.1222000000000003      0.5024763653080019
3.1261900000000002      0.5021708583112757
3.13018      0.50186588828459
3.13417      0.5015614537224842
3.13816      0.5012575531250777
3.14215      0.5009541849980464
3.1461400000000004      0.5006513478525979
3.1501300000000003      0.5003490402054476
3.1541200000000003      0.5000472605787939
3.15811      0.49974600750029496
3.1621      0.49944527950304435
3.16609      0.49914507512554757
3.17008      0.49884539291169827
3.1740700000000004      0.4985462314107543
3.1780600000000003      0.4982475891773155
3.1820500000000003      0.4979494647712987
3.18604      0.49765185675791573
3.19003      0.49735476370764975
3.19402      0.4970581841962324
3.19801      0.49676211680462085
3.202      0.49646656011897516
3.2059900000000003      0.4961715127306352
3.2099800000000003      0.4958769732360987
3.21397      0.49558294023699806
3.21796      0.49528941234007834
3.22195      0.4949963881571752
3.22594      0.4947038663051923
3.22993      0.4944118454060792
3.2339200000000003      0.4941203240868101
3.2379100000000003      0.49382930097936134
3.2419000000000002      0.4935387747206896
3.24589      0.4932487439527108
3.24988      0.4929592073222779
3.25387      0.4926701634811599
3.25786      0.4923816110860205
3.2618500000000004      0.49209354879839645
3.2658400000000003      0.4918059752846768
3.2698300000000002      0.4915188892160817
3.27382      0.49123228926864154
3.27781      0.4909461741231757
3.2818      0.49066054246527263
3.28579      0.49037539298526817
3.2897800000000004      0.49009072437822565
3.2937700000000003      0.48980653534391566
3.2977600000000002      0.48952282458679464
3.30175      0.48923959081598595
3.30574      0.4889568327452584
3.30973      0.48867454909300717
3.31372      0.4883927385822335
3.3177100000000004      0.48811139994052427
3.3217000000000003      0.4878305319000334
3.3256900000000003      0.4875501331974609
3.32968      0.48727020257403403
3.33367      0.4869907387754873
3.33766      0.48671174055204375
3.34165      0.4864332066583946
3.3456400000000004      0.48615513585368103
3.3496300000000003      0.48587752690147445
3.3536200000000003      0.4856003785697575
3.35761      0.48532368963090505
3.3616      0.4850474588616657
3.36559      0.48477168504314266
3.36958      0.4844963669607749
3.3735700000000004      0.4842215034043188
3.3775600000000003      0.48394709316782986
3.3815500000000003      0.4836731350496436
3.38554      0.4833996278523578
3.38953      0.4831265703828141
3.39352      0.4828539614520794
3.39751      0.48258179987542876
3.4015000000000004      0.482310084472326
3.4054900000000004      0.4820388140664072
3.4094800000000003      0.4817679874854619
3.4134700000000002      0.4814976035614157
3.41746      0.48122766113031273
3.42145      0.4809581590322977
3.42544      0.4806890961115988
3.4294300000000004      0.48042047121651005
3.4334200000000004      0.48015228319937414
3.4374100000000003      0.4798845309165648
3.4414000000000002      0.47961721322847006
3.44539      0.4793503289994752
3.44938      0.47908387709794525
3.45337      0.47881785639620866
3.4573600000000004      0.47855226577053994
3.4613500000000004      0.4782871041011435
3.4653400000000003      0.4780223702721361
3.4693300000000002      0.47775806317153124
3.47332      0.4774941816912218
3.47731      0.4772307247269643
3.4813      0.4769676911783619
3.48529      0.47670507994884836
3.4892800000000004      0.47644288994567224
3.4932700000000003      0.47618112007988006
3.4972600000000003      0.47591976926630075
3.50125      0.4756588364235293
3.50524      0.47539832047391123
3.50923      0.47513822034352643
3.51322      0.47487853496217375
3.5172100000000004      0.4746192632633549
3.5212000000000003      0.4743604041842593
3.5251900000000003      0.4741019566657481
3.52918      0.47384391965233913
3.53317      0.4735862920921911
3.53716      0.4733290729370887
3.54115      0.4730722611424272
3.5451400000000004      0.47281585566719686
3.5491300000000003      0.47255985547396895
3.5531200000000003      0.4723042595288793
3.55711      0.47204906680161446
3.5611      0.4717942762653964
3.56509      0.4715398868969676
3.56908      0.4712858976765764
3.5730700000000004      0.4710323075879624
3.5770600000000004      0.4707791156183419
3.5810500000000003      0.4705263207583933
3.5850400000000002      0.47027392200224244
3.58903      0.47002191834744855
3.59302      0.46977030879498965
3.59701      0.46951909234924855
3.6010000000000004      0.46926826801799837
3.6049900000000004      0.4690178348123886
3.6089800000000003      0.4687677917469312
3.6129700000000002      0.4685181378394861
3.61696      0.46826887211124774
3.62095      0.46801999358673113
3.62494      0.46777150129375783
3.6289300000000004      0.46752339426344264
3.6329200000000004      0.46727567153017935
3.6369100000000003      0.4670283321316278
3.6409000000000002      0.4667813751086997
3.64489      0.4665347995055459
3.64888      0.466288604369542
3.65287      0.4660427887512761
3.6568600000000004      0.4657973517045348
3.6608500000000004      0.46555229228629
3.6648400000000003      0.46530760955668626
3.6688300000000003      0.46506330257902706
3.67282      0.4648193704197623
3.67681      0.46457581214847504
3.6808      0.4643326268378685
3.6847900000000005      0.4640898135637536
3.6887800000000004      0.46384737140503596
3.6927700000000003      0.4636052994437029
3.6967600000000003      0.46336359676481126
3.70075      0.4631222624564746
3.70474      0.4628812956098503
3.70873      0.4626406953191279
3.71272      0.4624004606815156
3.7167100000000004      0.4621605907972288
3.7207000000000003      0.4619210847694774
3.7246900000000003      0.46168194170445354
3.72868      0.4614431607113193
3.73267      0.461204740902195
3.73666      0.4609666813921466
3.74065      0.4607289812991738
3.7446400000000004      0.4604916397441984
3.7486300000000004      0.46025465585105196
3.7526200000000003      0.4600180287464643
3.7566100000000002      0.45978175756005135
3.7606      0.45954584142430366
3.76459      0.4593102794745745
3.76858      0.45907507084906857
3.7725700000000004      0.45884021468882985
3.7765600000000004      0.4586057101377308
3.7805500000000003      0.4583715563424604
3.7845400000000002      0.4581377524525125
3.78853      0.45790429762017504
3.79252      0.45767119100051845
3.79651      0.4574384317513844
3.8005000000000004      0.45720601903337454
3.8044900000000004      0.45697395200983937
3.8084800000000003      0.4567422298468673
3.8124700000000002      0.45651085171327344
3.81646      0.45627981678058827
3.82045      0.4560491242230476
3.82444      0.45581877321758063
3.8284300000000004      0.4555887629437998
3.8324200000000004      0.45535909258398966
3.8364100000000003      0.4551297613230963
3.8404000000000003      0.4549007683487166
3.84439      0.45467211285108744
3.84838      0.45444379402307533
3.85237      0.4542158110601657
3.8563600000000005      0.4539881631604523
3.8603500000000004      0.45376084952462725
3.8643400000000003      0.45353386935596995
3.8683300000000003      0.45330722186033723
3.87232      0.45308090624615277
3.87631      0.4528549217243969
3.8803      0.45262926750859667
3.8842900000000005      0.45240394281481505
3.8882800000000004      0.4521789468616415
3.8922700000000003      0.4519542788701816
3.8962600000000003      0.45172993806404677
3.90025      0.45150592366934483
3.90424      0.4512822349146696
3.90823      0.4510588710310911
3.9122200000000005      0.4508358312521462
3.9162100000000004      0.4506131148138281
3.9202000000000004      0.450390720954577
3.9241900000000003      0.45016864891527025
3.9281800000000002      0.4499468979392128
3.93217      0.44972546727212737
3.93616      0.44950435616214546
3.9401500000000005      0.4492835638597969
3.9441400000000004      0.4490630896180011
3.9481300000000004      0.4488429326920575
3.9521200000000003      0.44862309233963565
3.9561100000000002      0.44840356782076674
3.9601      0.4481843583978334
3.96409      0.447965463335561
3.9680800000000005      0.4477468819010081
3.9720700000000004      0.4475286133635578
3.9760600000000004      0.4473106569949079
3.9800500000000003      0.44709301206906227
3.9840400000000002      0.4468756778623215
3.98803      0.4466586536532741
3.99202      0.44644193872278753
3.99601      0.446225532353999
4.0      0.44600943383230696
