0.01      0.07762138335501641
0.01399      0.09168869283420623
0.017980000000000003      0.10380741001288651
0.021970000000000003      0.11459776998663053
0.025960000000000004      0.12440623384051677
0.029950000000000004      0.1334497926626143
0.033940000000000005      0.1418750824373189
0.037930000000000005      0.14978674040423479
0.041920000000000006      0.15726256152241777
0.045910000000000006      0.16436226956433794
0.04990000000000001      0.17113291270441525
0.05389000000000001      0.1776123477536523
0.05788000000000001      0.18383158094809898
0.06187000000000001      0.18981639315966664
0.06586      0.1955885001142009
0.06985000000000001      0.20116640063940122
0.07384      0.2065660097758575
0.07783      0.21180113994071945
0.08182      0.21688387249747051
0.08581000000000001      0.22182484879919093
0.0898      0.22663350107484578
0.09379      0.2313182377031564
0.09778      0.23588659343521523
0.10177000000000001      0.24034535235195253
0.10576      0.24470064937701907
0.10975      0.24895805475048355
0.11374000000000001      0.2531226448375898
0.11773000000000002      0.25719906188375485
0.12172000000000001      0.26119156475676286
0.12571000000000002      0.2651040722859522
0.1297      0.2689402004787295
0.13369000000000003      0.2727032946410842
0.13768000000000002      0.2763964572307724
0.14167000000000002      0.2800225721174485
0.14566      0.2835843258012839
0.14965000000000003      0.28708422604425393
0.15364000000000003      0.2905246182902037
0.15763000000000002      0.29390770018666906
0.16162000000000004      0.2972355344706188
0.16561000000000003      0.30051006043810813
0.16960000000000003      0.30373310418402727
0.17359000000000002      0.30690638776965173
0.17758000000000002      0.31003153745238476
0.18157000000000004      0.31311009109260224
0.18556000000000003      0.3161435048361348
0.18955000000000002      0.31913315915746027
0.19354000000000005      0.32208036433681153
0.19753000000000004      0.32498636543495973
0.20152000000000003      0.327852346820932
0.20551000000000003      0.33067943630097896
0.20950000000000002      0.333468708890963
0.21349000000000004      0.33622119026917874
0.21748000000000003      0.33893785994227954
0.22147000000000003      0.3416196541528452
0.22546000000000005      0.3442674685540877
0.22945000000000004      0.3468821606741277
0.23344000000000004      0.3494645521897616
0.23743000000000003      0.3520154310275185
0.24142000000000002      0.35453555330779796
0.24541000000000004      0.35702564514619617
0.24940000000000004      0.3594864043247841
0.25339      0.36191850184453034
0.25738000000000005      0.3643225833691793
0.26137000000000005      0.36669927056971446
0.26536000000000004      0.36904916237767776
0.26935000000000003      0.37137283615479655
0.27334      0.3736708487857394
0.27733      0.3759437377000204
0.28132      0.3781920218286753
0.28531000000000006      0.3804162025007229
0.28930000000000006      0.3826167642840032
0.29329000000000005      0.3847941757745682
0.29728000000000004      0.38694889033844904
0.30127000000000004      0.38908134680924283
0.30526000000000003      0.3911919701447851
0.30925      0.3932811720457216
0.3132400000000001      0.3953493515387225
0.31723000000000007      0.39739689552677887
0.32122000000000006      0.3994241793088195
0.32521000000000005      0.40143156707072114
0.32920000000000005      0.40341941234966877
0.33319000000000004      0.4053880584735516
0.33718000000000004      0.4073378389770771
0.34117000000000003      0.40926907799608087
0.34516      0.4111820906414219
0.34915000000000007      0.4130771833537484
0.35314000000000006      0.41495465424032985
0.35713000000000006      0.4168147933950288
0.36112000000000005      0.41865788320249847
0.36511000000000005      0.42048419862747727
0.36910000000000004      0.42229400749012164
0.37309000000000003      0.4240875707281807
0.3770800000000001      0.425865142646771
0.3810700000000001      0.4276269711564643
0.38506000000000007      0.4293732980003873
0.38905000000000006      0.43110435897089266
0.39304000000000006      0.4328203841164315
0.39703000000000005      0.43452159793915
0.40102000000000004      0.4362082195837168
0.40501000000000004      0.4378804630178536
0.40900000000000003      0.43953853720502106
0.4129900000000001      0.4411826462696709
0.4169800000000001      0.44281298965543936
0.42097000000000007      0.44442976227668946
0.42496000000000006      0.44603315466369703
0.42895000000000005      0.4476233531018323
0.43294000000000005      0.4492005397650362
0.43693000000000004      0.4507648928438747
0.4409200000000001      0.4523165866684282
0.4449100000000001      0.45385579182630503
0.4489000000000001      0.45538267527596793
0.45289000000000007      0.4568974004556386
0.45688000000000006      0.45840012738797037
0.46087000000000006      0.4598910127807015
0.46486000000000005      0.4613702101234677
0.46885000000000004      0.46283786978096325
0.47284000000000004      0.46429413908260364
0.4768300000000001      0.4657391624088741
0.4808200000000001      0.4671730812744905
0.4848100000000001      0.4685960344085232
0.48880000000000007      0.4700081578316318
0.49279000000000006      0.4714095849305203
0.49678000000000005      0.4728004465297389
0.50077      0.4741808709609699
0.5047600000000001      0.47555098412986807
0.50875      0.47691090958059185
0.5127400000000001      0.4782607685581069
0.51673      0.4796006800683645
0.5207200000000001      0.4809307609364373
0.5247100000000001      0.4822511258627043
0.5287000000000001      0.4835618874771489
0.5326900000000001      0.4848631563918794
0.53668      0.4861550412519077
0.5406700000000001      0.487437648784275
0.54466      0.48871108384559475
0.5486500000000001      0.48997544946806154
0.55264      0.4912308469039937
0.5566300000000001      0.49247737566897476
0.5606200000000001      0.4937151335836307
0.5646100000000001      0.49494421681411155
0.5686000000000001      0.4961647199113101
0.57259      0.4973767358488921
0.5765800000000001      0.4985803560601456
0.58057      0.4997756704737357
0.5845600000000001      0.5009627675483643
0.5885500000000001      0.5021417343064065
0.5925400000000001      0.5033126563665513
0.5965300000000001      0.5044756179754692
0.60052      0.5056307020385644
0.6045100000000001      0.5067779901498285
0.6085      0.507917562620832
0.6124900000000001      0.5090494985088908
0.6164800000000001      0.5101738756444257
0.6204700000000001      0.5112907706575485
0.6244600000000001      0.5124002590039024
0.6284500000000001      0.5135024149897817
0.6324400000000001      0.5145973117965533
0.63643      0.5156850215044098
0.6404200000000001      0.5167656151154676
0.64441      0.5178391625762352
0.6484000000000001      0.5189057327994844
0.6523900000000001      0.5199653936855262
0.6563800000000001      0.5210182121429182
0.6603700000000001      0.5220642541086287
0.6643600000000001      0.5231035845676626
0.6683500000000001      0.5241362675721806
0.67234      0.5251623662601197
0.6763300000000001      0.526181942873323
0.68032      0.5271950587752161
0.6843100000000001      0.528201774468025
0.6883000000000001      0.5292021496095544
0.6922900000000001      0.5301962430295508
0.6962800000000001      0.5311841127456465
0.7002700000000001      0.532165815978906
0.7042600000000001      0.5331414091689971
0.70825      0.5341109479889768
0.7122400000000001      0.5350744873597171
0.7162300000000001      0.536032081463983
0.7202200000000001      0.5369837837601631
0.7242100000000001      0.5379296469956774
0.7282000000000001      0.5388697232200589
0.7321900000000001      0.5398040637977196
0.7361800000000001      0.5407327194204233
0.7401700000000001      0.5416557401194567
0.7441600000000002      0.5425731752775194
0.7481500000000001      0.5434850736403366
0.7521400000000001      0.5443914833279994
0.7561300000000001      0.5452924518460457
0.7601200000000001      0.5461880260962909
0.7641100000000001      0.5470782523874056
0.7681000000000001      0.5479631764452565
0.77209      0.548842843423014
0.7760800000000001      0.5497172979110316
0.7800700000000002      0.5505865839465038
0.7840600000000001      0.5514507450229181
0.7880500000000001      0.5523098240992835
0.7920400000000001      0.5531638636091714
0.7960300000000001      0.5540129054695456
0.8000200000000001      0.5548569910894129
0.8040100000000001      0.5556961613782734
0.808      0.5565304567544017
0.8119900000000001      0.5573599171529421
0.8159800000000001      0.5581845820338315
0.8199700000000001      0.5590044903895615
0.8239600000000001      0.5598196807527703
0.8279500000000001      0.5606301912036752
0.8319400000000001      0.5614360593773546
0.8359300000000001      0.562237322470871
0.8399200000000001      0.5630340172502588
0.8439100000000002      0.563826180057353
0.8479000000000001      0.5646138468164916
0.8518900000000001      0.5653970530410725
0.8558800000000001      0.5661758338399824
0.8598700000000001      0.5669502239238912
0.8638600000000001      0.5677202576114276
0.8678500000000001      0.5684859688352216
0.8718400000000002      0.5692473911478337
0.8758300000000001      0.5700045577275648
0.8798200000000002      0.5707575013841493
0.8838100000000001      0.5715062545643415
0.8878000000000001      0.5722508493573873
0.8917900000000001      0.5729913175003898
0.8957800000000001      0.5737276903835786
0.8997700000000001      0.5744599990554677
0.9037600000000001      0.5751882742279198
0.9077500000000002      0.5759125462811153
0.9117400000000001      0.5766328452684196
0.9157300000000002      0.5773492009211676
0.9197200000000001      0.5780616426533506
0.9237100000000001      0.5787701995662218
0.9277000000000001      0.5794749004528057
0.9316900000000001      0.5801757738023371
0.9356800000000001      0.580872847804608
0.9396700000000001      0.5815661503542364
0.9436600000000002      0.5822557090548603
0.9476500000000001      0.582941551223248
0.9516400000000002      0.5836237038933434
0.9556300000000001      0.5843021938202289
0.9596200000000001      0.5849770474840222
0.9636100000000001      0.5856482910937013
0.9676000000000001      0.5863159505908596
0.9715900000000002      0.5869800516533985
0.9755800000000001      0.5876406196991492
0.9795700000000002      0.5882976798894349
0.9835600000000001      0.5889512571325652
0.9875500000000001      0.5896013760872775
0.9915400000000001      0.5902480611661088
0.9955300000000001      0.5908913365387163
0.9995200000000002      0.5915312261351372
1.0035100000000001      0.5921677536489898
1.0075      0.5928009425406268
1.0114900000000002      0.5934308160402283
1.0154800000000002      0.5940573971508453
1.01947      0.5946807086513896
1.02346      0.5953007730995736
1.0274500000000002      0.5959176128348029
1.0314400000000001      0.5965312499810188
1.03543      0.5971417064494907
1.0394200000000002      0.5977490039415676
1.0434100000000002      0.5983531639513777
1.0474      0.5989542077684898
1.05139      0.5995521564805277
1.0553800000000002      0.6001470309757384
1.0593700000000001      0.6007388519455261
1.06336      0.6013276398869386
1.0673500000000002      0.6019134151051161
1.0713400000000002      0.6024961977157007
1.0753300000000001      0.6030760076472057
1.07932      0.6036528646433479
1.0833100000000002      0.6042267882653424
1.0873000000000002      0.6047977978941635
1.09129      0.6053659127327635
1.09528      0.6059311518082632
1.0992700000000002      0.6064935339741047
1.1032600000000001      0.6070530779121698
1.10725      0.6076098021348677
1.1112400000000002      0.6081637249871896
1.1152300000000002      0.608714864648729
1.11922      0.6092632391356746
1.12321      0.6098088663027694
1.1272000000000002      0.6103517638452414
1.1311900000000001      0.6108919493007059
1.13518      0.6114294400510355
1.1391700000000002      0.6119642533242031
1.1431600000000002      0.6124964061961012
1.1471500000000001      0.6130259155923263
1.15114      0.6135527982899418
1.1551300000000002      0.6140770709192152
1.1591200000000002      0.614598749965323
1.16311      0.615117851770039
1.1671000000000002      0.6156343925333921
1.1710900000000002      0.616148388315298
1.1750800000000001      0.6166598550371739
1.17907      0.6171688084835228
1.1830600000000002      0.6176752643034971
1.1870500000000002      0.6181792380124422
1.19104      0.6186807449934121
1.1950300000000003      0.6191798004986667
1.1990200000000002      0.6196764196511495
1.2030100000000001      0.6201706174459376
1.207      0.6206624087516771
1.2109900000000002      0.6211518083119962
1.2149800000000002      0.6216388307468963
1.21897      0.6221234905541253
1.2229600000000003      0.6226058021105323
1.2269500000000002      0.6230857796734002
1.2309400000000001      0.6235634373817623
1.23493      0.6240387892577
1.2389200000000002      0.6245118492076202
1.2429100000000002      0.6249826310235194
1.2469000000000001      0.6254511483842248
1.25089      0.6259174148566238
1.2548800000000002      0.6263814438968702
1.2588700000000002      0.6268432488515825
1.26286      0.6273028429590154
1.2668500000000003      0.6277602393502243
1.2708400000000002      0.6282154510502087
1.2748300000000001      0.6286684909790428
1.27882      0.6291193719529888
1.2828100000000002      0.6295681066855978
1.2868000000000002      0.6300147077887909
1.29079      0.6304591877739327
1.2947800000000003      0.6309015590528859
1.2987700000000002      0.6313418339390519
1.3027600000000001      0.6317800246484
1.30675      0.6322161433004818
1.3107400000000002      0.6326502019194289
1.3147300000000002      0.6330822124349453
1.3187200000000001      0.6335121866832788
1.3227100000000003      0.6339401364081841
1.3267000000000002      0.6343660732618717
1.3306900000000002      0.6347900088059463
1.33468      0.6352119545123297
1.3386700000000002      0.6356319217641773
1.3426600000000002      0.6360499218567734
1.3466500000000001      0.6364659659984288
1.35064      0.6368800653113518
1.3546300000000002      0.637292230832519
1.3586200000000002      0.637702473514532
1.36261      0.6381108042264599
1.3666000000000003      0.638517233754675
1.3705900000000002      0.6389217728036783
1.3745800000000001      0.6393244319969096
1.37857      0.639725221877554
1.3825600000000002      0.6401241529093348
1.3865500000000002      0.6405212354772941
1.39054      0.6409164798885695
1.3945300000000003      0.6413098963731579
1.3985200000000002      0.6417014950846676
1.4025100000000001      0.6420912861010655
1.4065      0.6424792794254148
1.4104900000000002      0.6428654849865985
1.4144800000000002      0.6432499126400392
1.4184700000000001      0.6436325721684084
1.4224600000000003      0.644013473282328
1.4264500000000002      0.6443926256210617
1.4304400000000002      0.644770038753199
1.43443      0.6451457221773309
1.4384200000000003      0.6455196853227166
1.4424100000000002      0.6458919375499439
1.4464000000000001      0.6462624881515817
1.4503900000000003      0.6466313463528209
1.4543800000000002      0.646998521312112
1.4583700000000002      0.6473640221217952
1.46236      0.6477278578087189
1.4663500000000003      0.6480900373348552
1.4703400000000002      0.6484505695979059
1.4743300000000001      0.6488094634318999
1.4783200000000003      0.6491667276077894
1.4823100000000002      0.6495223708340329
1.4863000000000002      0.6498764017571724
1.4902900000000001      0.6502288289624095
1.4942800000000003      0.6505796609741671
1.4982700000000002      0.6509289062566473
1.5022600000000002      0.6512765732143876
1.50625      0.6516226701928035
1.5102400000000002      0.6519672054787297
1.5142300000000002      0.6523101873009517
1.5182200000000001      0.6526516238307343
1.5222100000000003      0.6529915231823439
1.5262000000000002      0.6533298934135616
1.5301900000000002      0.6536667425261954
1.53418      0.6540020784665802
1.5381700000000003      0.65433590912608
1.5421600000000002      0.6546682423415774
1.5461500000000001      0.6549990858959606
1.5501400000000003      0.6553284475186083
1.5541300000000002      0.6556563348858595
1.5581200000000002      0.6559827556214911
1.56211      0.6563077172971791
1.5661000000000003      0.6566312274329604
1.5700900000000002      0.6569532934976866
1.5740800000000001      0.6572739229094764
1.5780700000000003      0.6575931230361598
1.5820600000000002      0.6579109011957188
1.5860500000000002      0.6582272646567214
1.5900400000000001      0.6585422206387554
1.5940300000000003      0.6588557763128516
1.5980200000000002      0.6591679388019064
1.6020100000000002      0.6594787151810997
1.606      0.659788112478304
1.6099900000000003      0.6600961376744978
1.6139800000000002      0.660402797704162
1.6179700000000001      0.6607080994556863
1.6219600000000003      0.6610120497717582
1.6259500000000002      0.6613146554497569
1.6299400000000002      0.6616159232421395
1.63393      0.6619158598568211
1.6379200000000003      0.6622144719575571
1.6419100000000002      0.6625117661643135
1.6459000000000001      0.6628077490536389
1.6498900000000003      0.6631024271590311
1.6538800000000002      0.6633958069713
1.6578700000000002      0.6636878949389247
1.6618600000000001      0.6639786974684097
1.6658500000000003      0.6642682209246362
1.6698400000000002      0.664556471631209
1.6738300000000002      0.6648434558708015
1.6778200000000003      0.6651291798854944
1.6818100000000002      0.6654136498771142
1.6858000000000002      0.6656968720075657
1.6897900000000001      0.6659788523991627
1.6937800000000003      0.6662595971349533
1.6977700000000002      0.6665391122590435
1.7017600000000002      0.6668174037769186
1.7057500000000003      0.6670944776557567
1.7097400000000003      0.6673703398247461
1.7137300000000002      0.6676449961753911
1.7177200000000001      0.6679184525618218
1.7217100000000003      0.6681907148010976
1.7257000000000002      0.668461788673507
1.7296900000000002      0.6687316799228666
1.7336800000000003      0.6690003942568156
1.7376700000000003      0.669267937347106
1.7416600000000002      0.669534314829894
1.7456500000000001      0.6697995323060245
1.7496400000000003      0.6700635953413138
1.7536300000000002      0.6703265094668323
1.7576200000000002      0.6705882801791783
1.7616100000000001      0.6708489129407561
1.7656000000000003      0.6711084131800454
1.7695900000000002      0.6713667862918737
1.7735800000000002      0.67162403763768
1.7775700000000003      0.6718801725457806
1.7815600000000003      0.6721351963116293
1.7855500000000002      0.6723891141980775
1.7895400000000001      0.6726419314356304
1.7935300000000003      0.6728936532227006
1.7975200000000002      0.6731442847258582
1.8015100000000002      0.673393831080083
1.8055000000000003      0.6736422973890068
1.8094900000000003      0.6738896887251621
1.8134800000000002      0.6741360101302201
1.8174700000000001      0.6743812666152311
1.8214600000000003      0.6746254631608635
1.8254500000000002      0.6748686047176362
1.8294400000000002      0.6751106962061538
1.8334300000000003      0.6753517425173337
1.8374200000000003      0.6755917485126367
1.8414100000000002      0.6758307190242928
1.8454000000000002      0.6760686588555248
1.8493900000000003      0.6763055727807692
1.8533800000000002      0.6765414655458961
1.8573700000000002      0.676776341868429
1.8613600000000001      0.6770102064377567
1.8653500000000003      0.6772430639153498
1.8693400000000002      0.6774749189349702
1.8733300000000002      0.6777057761028814
1.8773200000000003      0.6779356399980565
1.8813100000000003      0.6781645151723826
1.8853000000000002      0.6783924061508653
1.8892900000000001      0.678619317431831
1.8932800000000003      0.6788452534871255
1.8972700000000002      0.6790702187623117
1.9012600000000002      0.6792942176768686
1.9052500000000003      0.6795172546243827
1.9092400000000003      0.6797393339727421
1.9132300000000002      0.6799604600643268
1.9172200000000001      0.6801806372161989
1.9212100000000003      0.6803998697202879
1.9252000000000002      0.6806181618435778
1.9291900000000002      0.6808355178282911
1.9331800000000003      0.6810519418920711
1.9371700000000003      0.6812674382281605
1.9411600000000002      0.6814820110055843
1.9451500000000002      0.6816956643693227
1.9491400000000003      0.6819084024404909
1.9531300000000003      0.6821202293165096
1.9571200000000002      0.6823311490712808
1.9611100000000004      0.6825411657553563
1.9651000000000003      0.6827502833961088
1.9690900000000002      0.6829585059978998
1.9730800000000002      0.6831658375422454
1.9770700000000003      0.6833722819879804
1.9810600000000003      0.6835778432714249
1.9850500000000002      0.6837825253065434
1.9890400000000004      0.683986331985106
1.9930300000000003      0.68418926717685
1.9970200000000002      0.6843913347296339
2.00101      0.6845925384695958
2.0050000000000003      0.6847928822013102
2.0089900000000003      0.6849923697079374
2.01298      0.6851910047513793
2.01697      0.6853887910724302
2.02096      0.6855857323909239
2.02495      0.6857818324058846
2.02894      0.6859770947956736
2.03293      0.6861715232181331
2.03692      0.6863651213107337
2.0409100000000002      0.6865578926907142
2.0449      0.6867498409552281
2.04889      0.6869409696814796
2.05288      0.6871312824268667
2.05687      0.6873207827291171
2.06086      0.6875094741064283
2.06485      0.6876973600576
2.0688400000000002      0.6878844440621712
2.07283      0.6880707295805549
2.07682      0.6882562200541682
2.08081      0.6884409189055641
2.0848      0.6886248295385639
2.08879      0.6888079553383835
2.09278      0.6889902996717643
2.0967700000000002      0.6891718658870981
2.10076      0.6893526573145534
2.10475      0.6895326772662019
2.10874      0.6897119290361395
2.11273      0.6898904159006127
2.11672      0.6900681411181361
2.12071      0.6902451079296175
2.1247000000000003      0.6904213195584743
2.12869      0.690596779210753
2.13268      0.6907714900752486
2.13667      0.6909454553236192
2.14066      0.6911186781105039
2.14465      0.6912911615736341
2.14864      0.6914629088339523
2.1526300000000003      0.6916339229957208
2.15662      0.6918042071466366
2.16061      0.6919737643579396
2.1646      0.6921425976845258
2.16859      0.6923107101650545
2.17258      0.6924781048220571
2.17657      0.6926447846620459
2.18056      0.692810752675618
2.18455      0.692976011837564
2.18854      0.6931405651069706
2.19253      0.6933044154273262
2.19652      0.6934675657266228
2.20051      0.6936300189174595
2.2045      0.6937917778971426
2.20849      0.6939528455477876
2.2124800000000002      0.6941132247364188
2.21647      0.6942729183150675
2.22046      0.6944319291208719
2.22445      0.6945902599761732
2.22844      0.6947479136886117
2.23243      0.694904893051225
2.23642      0.695061200842542
2.2404100000000002      0.6952168398266769
2.2444      0.6953718127534222
2.24839      0.6955261223583441
2.25238      0.6956797713628724
2.25637      0.6958327624743925
2.26036      0.6959850983863368
2.26435      0.696136781778274
2.2683400000000002      0.6962878153159986
2.27233      0.6964382016516198
2.27632      0.6965879434236489
2.28031      0.6967370432570861
2.2843      0.6968855037635086
2.28829      0.6970333275411544
2.29228      0.6971805171750093
2.2962700000000003      0.6973270752368903
2.30026      0.6974730042855299
2.30425      0.6976183068666592
2.30824      0.6977629855130899
2.31223      0.6979070427447973
2.31622      0.6980504810690009
2.32021      0.6981933029802443
2.3242000000000003      0.6983355109604777
2.32819      0.6984771074791337
2.33218      0.6986180949932098
2.33617      0.698758475947343
2.34016      0.6988982527738911
2.34415      0.6990374278930065
2.34814      0.6991760037127145
2.3521300000000003      0.699313982628989
2.35612      0.6994513670258254
2.36011      0.6995881592753194
2.3641      0.6997243617377371
2.36809      0.6998599767615915
2.37208      0.6999950066837137
2.37607      0.700129453829326
2.3800600000000003      0.7002633205121135
2.3840500000000002      0.7003966090342961
2.38804      0.7005293216866983
2.39203      0.7006614607488201
2.39602      0.7007930284889069
2.40001      0.700924027164018
2.404      0.7010544590200956
2.4079900000000003      0.7011843262920339
2.4119800000000002      0.7013136312037455
2.41597      0.7014423759682287
2.41996      0.7015705627876353
2.42395      0.7016981938533358
2.42794      0.7018252713459842
2.43193      0.7019517974355857
2.4359200000000003      0.7020777742815594
2.4399100000000002      0.7022032040328032
2.4439      0.7023280888277568
2.44789      0.7024524307944667
2.45188      0.7025762320506473
2.45587      0.7026994947037439
2.45986      0.7028222208509954
2.46385      0.7029444125794938
2.4678400000000003      0.7030660719662476
2.47183      0.7031872010782401
2.47582      0.7033078019724904
2.47981      0.7034278766961144
2.4838      0.7035474272863822
2.48779      0.7036664557707769
2.49178      0.7037849641670546
2.4957700000000003      0.7039029544833006
2.49976      0.7040204287179886
2.50375      0.7041373888600359
2.50774      0.7042538368888618
2.51173      0.7043697747744428
2.51572      0.7044852044773692
2.51971      0.7046001279489004
2.5237000000000003      0.704714547131019
2.52769      0.7048284639564878
2.53168      0.7049418803489017
2.53567      0.7050547982227423
2.53966      0.7051672194834334
2.54365      0.7052791460273904
2.54764      0.7053905797420762
2.5516300000000003      0.7055015225060529
2.5556200000000002      0.7056119761890325
2.55961      0.7057219426519301
2.5636      0.7058314237469142
2.56759      0.705940421317459
2.57158      0.7060489371983926
2.57557      0.7061569732159496
2.5795600000000003      0.70626453118782
2.5835500000000002      0.7063716129231972
2.58754      0.7064782202228306
2.59153      0.7065843548790709
2.59552      0.706690018675921
2.59951      0.7067952133890829
2.6035      0.7068999407860052
2.6074900000000003      0.707004202625932
2.6114800000000002      0.707108000659949
2.61547      0.7072113366310304
2.61946      0.7073142122740851
2.62345      0.7074166293160037
2.62744      0.7075185894757037
2.63143      0.7076200944641746
2.6354200000000003      0.7077211459845243
2.6394100000000003      0.7078217457320235
2.6434      0.7079218953941493
2.64739      0.708021596650631
2.65138      0.7081208511734928
2.65537      0.708219660627098
2.65936      0.7083180266681929
2.6633500000000003      0.7084159509459494
2.6673400000000003      0.7085134351020065
2.67133      0.708610480770515
2.67532      0.7087070895781786
2.67931      0.7088032631442954
2.6833      0.7088990030808004
2.68729      0.7089943109923066
2.69128      0.7090891884761447
2.6952700000000003      0.7091836371224065
2.69926      0.7092776585139828
2.70325      0.7093712542266054
2.70724      0.7094644258288861
2.71123      0.709557174882357
2.71522      0.709649502941509
2.71921      0.7097414115538317
2.7232000000000003      0.7098329022598526
2.7271900000000002      0.7099239765931746
2.73118      0.710014636080516
2.73517      0.7101048822417461
2.73916      0.7101947165899257
2.74315      0.7102841406313433
2.74714      0.7103731558655524
2.7511300000000003      0.7104617637854092
2.7551200000000002      0.7105499658771092
2.75911      0.7106377636202236
2.7631      0.7107251584877359
2.76709      0.7108121519460777
2.77108      0.7108987454551652
2.77507      0.7109849404684344
2.7790600000000003      0.7110707384328765
2.7830500000000002      0.7111561407890726
2.78704      0.7112411489712305
2.79103      0.711325764407217
2.79502      0.7114099885185938
2.79901      0.7114938227206516
2.803      0.7115772684224442
2.8069900000000003      0.7116603270268216
2.8109800000000003      0.711742999930464
2.81497      0.7118252885239162
2.81896      0.7119071941916187
2.82295      0.7119887183119425
2.82694      0.7120698622572208
2.83093      0.7121506273937823
2.8349200000000003      0.7122310150819814
2.8389100000000003      0.712311026676234
2.8429      0.7123906635250463
2.84689      0.7124699269710465
2.85088      0.7125488183510188
2.85487      0.7126273389959318
2.85886      0.7127054902309717
2.8628500000000003      0.7127832733755717
2.8668400000000003      0.7128606897434437
2.87083      0.7129377406426081
2.87482      0.7130144273754239
2.87881      0.71309075123862
2.8828      0.7131667135233236
2.88679      0.7132423155150909
2.8907800000000003      0.7133175584939362
2.8947700000000003      0.7133924437343607
2.8987600000000002      0.7134669725053832
2.90275      0.7135411460705672
2.90674      0.713614965688051
2.91073      0.7136884326105758
2.91472      0.7137615480855134
2.9187100000000004      0.713834313354896
2.9227000000000003      0.7139067296554428
2.9266900000000002      0.7139787982185882
2.93068      0.7140505202705105
2.93467      0.7141218970321574
2.93866      0.7141929297192762
2.94265      0.7142636195424368
2.9466400000000004      0.7143339677070637
2.9506300000000003      0.7144039754134589
2.9546200000000002      0.7144736438568303
2.95861      0.7145429742273173
2.9626      0.7146119677100193
2.96659      0.7146806254850179
2.97058      0.7147489487274072
2.97457      0.714816938607316
2.9785600000000003      0.7148845962899365
2.9825500000000003      0.7149519229355479
2.98654      0.7150189196995419
2.99053      0.7150855877324492
2.99452      0.7151519281799624
2.99851      0.7152179421829632
3.0025      0.7152836308775454
3.0064900000000003      0.7153489953950402
3.0104800000000003      0.7154140368620406
3.01447      0.7154787564004257
3.01846      0.7155431551273845
3.02245      0.7156072341554404
3.02644      0.7156709945924742
3.03043      0.715734437541749
3.0344200000000003      0.715797564101933
3.0384100000000003      0.7158603753671225
3.0424      0.7159228724268651
3.04639      0.7159850563661854
3.05038      0.7160469282656032
3.05437      0.7161084892011612
3.05836      0.7161697402444436
3.0623500000000003      0.7162306824626025
3.0663400000000003      0.716291316918377
3.0703300000000002      0.7163516446701174
3.07432      0.7164116667718061
3.07831      0.7164713842730812
3.0823      0.7165307982192569
3.08629      0.7165899096513461
3.0902800000000004      0.716648719606081
3.0942700000000003      0.7167072291159365
3.0982600000000002      0.7167654392091488
3.10225      0.7168233509097401
3.10624      0.7168809652375355
3.11023      0.7169382832081884
3.11422      0.7169953058331978
3.1182100000000004      0.7170520341199306
3.1222000000000003      0.7171084690716424
3.1261900000000002      0.7171646116874966
3.13018      0.7172204629625871
3.13417      0.717276023887956
3.13816      0.7173312954506155
3.14215      0.7173862786335665
3.1461400000000004      0.7174409744158201
3.1501300000000003      0.7174953837724156
3.1541200000000003      0.7175495076744411
3.15811      0.7176033470890534
3.1621      0.7176569029794968
3.16609      0.7177101763051216
3.17008      0.7177631680214048
3.1740700000000004      0.7178158790799688
3.1780600000000003      0.7178683104285994
3.1820500000000003      0.7179204630112658
3.18604      0.7179723377681382
3.19003      0.7180239356356074
3.19402      0.7180752575463027
3.19801      0.7181263044291111
3.202      0.7181770772091942
3.2059900000000003      0.718227576808007
3.2099800000000003      0.7182778041433174
3.21397      0.7183277601292222
3.21796      0.7183774456761646
3.22195      0.7184268616909552
3.22594      0.7184760090767857
3.22993      0.7185248887332489
3.2339200000000003      0.7185735015563558
3.2379100000000003      0.718621848438552
3.2419000000000002      0.7186699302687358
3.24589      0.7187177479322755
3.24988      0.7187653023110258
3.25387      0.7188125942833447
3.25786      0.7188596247241114
3.2618500000000004      0.7189063945047421
3.2658400000000003      0.7189529044932065
3.2698300000000002      0.7189991555540451
3.27382      0.7190451485483854
3.27781      0.719090884333958
3.2818      0.7191363637651133
3.28579      0.7191815876928371
3.2897800000000004      0.7192265569647676
3.2937700000000003      0.7192712724252109
3.2977600000000002      0.7193157349151561
3.30175      0.7193599452722929
3.30574      0.719403904331025
3.30973      0.7194476129224883
3.31372      0.7194910718745652
3.3177100000000004      0.7195342820118987
3.3217000000000003      0.7195772441559107
3.3256900000000003      0.7196199591248154
3.32968      0.7196624277336341
3.33367      0.7197046507942113
3.33766      0.7197466291152304
3.34165      0.7197883635022263
3.3456400000000004      0.7198298547576025
3.3496300000000003      0.7198711036806451
3.3536200000000003      0.7199121110675369
3.35761      0.7199528777113732
3.3616      0.7199934044021751
3.36559      0.7200336919269049
3.36958      0.7200737410694799
3.3735700000000004      0.7201135526107865
3.3775600000000003      0.7201531273286956
3.3815500000000003      0.7201924659980754
3.38554      0.7202315693908053
3.38953      0.7202704382757922
3.39352      0.7203090734189805
3.39751      0.72034747558337
3.4015000000000004      0.7203856455290265
3.4054900000000004      0.7204235840130971
3.4094800000000003      0.720461291789824
3.4134700000000002      0.7204987696105556
3.41746      0.7205360182237633
3.42145      0.720573038375053
3.42544      0.7206098308071782
3.4294300000000004      0.7206463962600534
3.4334200000000004      0.7206827354707684
3.4374100000000003      0.7207188491735997
3.4414000000000002      0.7207547381000247
3.44539      0.7207904029787331
3.44938      0.7208258445356425
3.45337      0.7208610634939076
3.4573600000000004      0.7208960605739364
3.4613500000000004      0.7209308364934003
3.4653400000000003      0.7209653919672476
3.4693300000000002      0.7209997277077161
3.47332      0.7210338444243457
3.47731      0.7210677428239901
3.4813      0.7211014236108296
3.48529      0.7211348874863829
3.4892800000000004      0.72116813514952
3.4932700000000003      0.7212011672964738
3.4972600000000003      0.7212339846208516
3.50125      0.7212665878136484
3.50524      0.7212989775632571
3.50923      0.7213311545554828
3.51322      0.7213631194735511
3.5172100000000004      0.721394872998123
3.5212000000000003      0.7214264158073054
3.5251900000000003      0.7214577485766615
3.52918      0.7214888719792245
3.53317      0.7215197866855069
3.53716      0.721550493363514
3.54115      0.721580992678753
3.5451400000000004      0.721611285294246
3.5491300000000003      0.7216413718705413
3.5531200000000003      0.7216712530657229
3.55711      0.7217009295354229
3.5611      0.7217304019328321
3.56509      0.7217596709087108
3.56908      0.7217887371114011
3.5730700000000004      0.7218176011868352
3.5770600000000004      0.7218462637785485
3.5810500000000003      0.7218747255276893
3.5850400000000002      0.7219029870730292
3.58903      0.7219310490509752
3.59302      0.7219589120955779
3.59701      0.7219865768385448
3.6010000000000004      0.7220140439092478
3.6049900000000004      0.722041313934736
3.6089800000000003      0.7220683875397453
3.6129700000000002      0.7220952653467076
3.61696      0.7221219479757632
3.62095      0.722148436044769
3.62494      0.722174730169309
3.6289300000000004      0.7222008309627054
3.6329200000000004      0.7222267390360283
3.6369100000000003      0.7222524549981041
3.6409000000000002      0.7222779794555283
3.64489      0.7223033130126718
3.64888      0.7223284562716942
3.65287      0.722353409832551
3.6568600000000004      0.7223781742930051
3.6608500000000004      0.7224027502486351
3.6648400000000003      0.722427138292845
3.6688300000000003      0.7224513390168759
3.67282      0.7224753530098117
3.67681      0.7224991808585921
3.6808      0.7225228231480201
3.6847900000000005      0.7225462804607721
3.6887800000000004      0.7225695533774058
3.6927700000000003      0.7225926424763728
3.6967600000000003      0.7226155483340236
3.70075      0.7226382715246196
3.70474      0.7226608126203412
3.70873      0.7226831721912975
3.71272      0.7227053508055346
3.7167100000000004      0.7227273490290445
3.7207000000000003      0.7227491674257751
3.7246900000000003      0.7227708065576377
3.72868      0.7227922669845172
3.73267      0.7228135492642795
3.73666      0.7228346539527816
3.74065      0.7228555816038792
3.7446400000000004      0.7228763327694362
3.7486300000000004      0.7228969079993325
3.7526200000000003      0.7229173078414731
3.7566100000000002      0.7229375328417972
3.7606      0.7229575835442849
3.76459      0.7229774604909672
3.76858      0.7229971642219344
3.7725700000000004      0.7230166952753435
3.7765600000000004      0.7230360541874267
3.7805500000000003      0.7230552414925009
3.7845400000000002      0.7230742577229738
3.78853      0.7230931034093544
3.79252      0.7231117790802589
3.79651      0.7231302852624212
3.8005000000000004      0.7231486224806984
3.8044900000000004      0.7231667912580804
3.8084800000000003      0.723184792115698
3.8124700000000002      0.7232026255728298
3.81646      0.7232202921469114
3.82045      0.7232377923535426
3.82444      0.7232551267064935
3.8284300000000004      0.7232722957177159
3.8324200000000004      0.7232892998973477
3.8364100000000003      0.7233061397537226
3.8404000000000003      0.7233228157933775
3.84439      0.7233393285210588
3.84838      0.7233556784397317
3.85237      0.723371866050586
3.8563600000000005      0.723387891853046
3.8603500000000004      0.7234037563447748
3.8643400000000003      0.7234194600216852
3.8683300000000003      0.7234350033779445
3.87232      0.7234503869059824
3.87631      0.723465611096499
3.8803      0.7234806764384716
3.8842900000000005      0.7234955834191625
3.8882800000000004      0.7235103325241253
3.8922700000000003      0.7235249242372127
3.8962600000000003      0.7235393590405834
3.90025      0.7235536374147095
3.90424      0.7235677598383831
3.90823      0.7235817267887238
3.9122200000000005      0.723595538741185
3.9162100000000004      0.7236091961695622
3.9202000000000004      0.7236226995459987
3.9241900000000003      0.7236360493409922
3.9281800000000002      0.7236492460234034
3.93217      0.7236622900604611
3.93616      0.72367518191777
3.9401500000000005      0.7236879220593166
3.9441400000000004      0.723700510947477
3.9481300000000004      0.723712949043023
3.9521200000000003      0.7237252368051282
3.9561100000000002      0.7237373746913754
3.9601      0.7237493631577637
3.96409      0.7237612026587139
3.9680800000000005      0.7237728936470749
3.9720700000000004      0.723784436574132
3.9760600000000004      0.7237958318896113
3.9800500000000003      0.7238070800416868
3.9840400000000002      0.7238181814769884
3.98803      0.723829136640605
3.99202      0.7238399459760936
3.99601      0.7238506099254854
4.0      0.7238611289292901
