0.01      0.35350168879897104
0.01399      0.36545605871221054
0.017980000000000003      0.3745833041523964
0.021970000000000003      0.38196426278264667
0.025960000000000004      0.38814571151691624
0.029950000000000004      0.3934440979813133
0.033940000000000005      0.3980596225429943
0.037930000000000005      0.4021272735370613
0.041920000000000006      0.4057425489593898
0.045910000000000006      0.4089756022226365
0.04990000000000001      0.4118795602536839
0.05389000000000001      0.414495681585298
0.05788000000000001      0.4168566962498876
0.06187000000000001      0.41898904746719173
0.06586      0.4209144425598906
0.06985000000000001      0.4226509541683313
0.07384      0.4242138199185853
0.07783      0.4256160346232772
0.08182      0.426868796485361
0.08581000000000001      0.4279818484895087
0.0898      0.42896374319586233
0.09379      0.42982205065383533
0.09778      0.4305635234641712
0.10177000000000001      0.4311942291323516
0.10576      0.43171965715587535
0.10975      0.4321448063801319
0.11374000000000001      0.43247425678976914
0.11773000000000002      0.4327122289084021
0.12172000000000001      0.432862633247986
0.12571000000000002      0.4329291117046283
0.1297      0.4329150723878751
0.13369000000000003      0.4328237190591333
0.13768000000000002      0.43265807611605855
0.14167000000000002      0.4324210098749614
0.14566      0.43211524675916524
0.14965000000000003      0.43174338888797076
0.15364000000000003      0.4313079274712302
0.15763000000000002      0.4308112543430678
0.16162000000000004      0.43025567191097885
0.16561000000000003      0.42964340175029503
0.16960000000000003      0.4289765920364773
0.17359000000000002      0.42825732397707594
0.17758000000000002      0.4274876173800835
0.18157000000000004      0.4266694354747064
0.18556000000000003      0.4258046890834365
0.18955000000000002      0.42489524023004105
0.19354000000000005      0.42394290525617284
0.19753000000000004      0.42294945750930013
0.20152000000000003      0.4219166296562332
0.20551000000000003      0.42084611566939284
0.20950000000000002      0.41973957252691785
0.21349000000000004      0.4185986216625471
0.21748000000000003      0.4174248501967987
0.22147000000000003      0.4162198119771791
0.22546000000000005      0.41498502845189
0.22945000000000004      0.4137219893986723
0.23344000000000004      0.41243215352798124
0.23743000000000003      0.411116948977546
0.24142000000000002      0.40977777371350155
0.24541000000000004      0.40841599585164434
0.24940000000000004      0.407032953910923
0.25339      0.4056299570099968
0.25738000000000005      0.40420828501656697
0.26137000000000005      0.4027691886581879
0.26536000000000004      0.4013138896023525
0.26935000000000003      0.3998435805128552
0.27334      0.39835942508870714
0.27733      0.39686255809121723
0.28132      0.39535408536427563
0.28531000000000006      0.39383508385232113
0.28930000000000006      0.3923066016199966
0.29329000000000005      0.39076965787703855
0.29728000000000004      0.3892252430115396
0.30127000000000004      0.3876743186343395
0.30526000000000003      0.3861178176369559
0.30925      0.38455664426513736
0.3132400000000001      0.382991674209823
0.31723000000000007      0.38142375471702034
0.32122000000000006      0.37985370471784424
0.32521000000000005      0.37828231497973247
0.32920000000000005      0.37671034827961847
0.33319000000000004      0.37513853959964316
0.33718000000000004      0.3735675963457877
0.34117000000000003      0.371998198589633
0.34516      0.3704309993332858
0.34915000000000007      0.36886662479735044
0.35314000000000006      0.36730567473169035
0.35713000000000006      0.36574872274858594
0.36112000000000005      0.3641963166777753
0.36511000000000005      0.3626489789427542
0.36910000000000004      0.36110720695761117
0.37309000000000003      0.3595714735435791
0.3770800000000001      0.358042227364407
0.3810700000000001      0.3565198933795797
0.38506000000000007      0.35500487331434927
0.38905000000000006      0.3534975461454883
0.39304000000000006      0.3519982686016254
0.39703000000000005      0.35050737567698603
0.40102000000000004      0.3490251811573272
0.40501000000000004      0.3475519781568355
0.40900000000000003      0.3460880396647344
0.4129900000000001      0.3446336191003431
0.4169800000000001      0.3431889508753204
0.42097000000000007      0.34175425096183276
0.42496000000000006      0.34032971746539414
0.42895000000000005      0.33891553120113876
0.43294000000000005      0.3375118562723067
0.43693000000000004      0.3361188406497485
0.4409200000000001      0.3347366167512835
0.4449100000000001      0.3333653020197779
0.4489000000000001      0.3320049994988466
0.45289000000000007      0.33065579840512627
0.45688000000000006      0.329317774696104
0.46087000000000006      0.3279909916325382
0.46486000000000005      0.3266755003345538
0.46885000000000004      0.32537134033054455
0.47284000000000004      0.3240785400980685
0.4768300000000001      0.3227971175959741
0.4808200000000001      0.3215270807870516
0.4848100000000001      0.32026842815055484
0.48880000000000007      0.31902114918399993
0.49279000000000006      0.317785224893696
0.49678000000000005      0.31656062827352327
0.50077      0.31534732477152533
0.5047600000000001      0.3141452727439373
0.50875      0.31295442389632333
0.5127400000000001      0.31177472371155035
0.51673      0.31060611186437187
0.5207200000000001      0.30944852262244693
0.5247100000000001      0.30830188523366503
0.5287000000000001      0.30716612429969165
0.5326900000000001      0.306041160135694
0.53668      0.3049269091162456
0.5406700000000001      0.30382328400744796
0.54466      0.3027301942853435
0.5486500000000001      0.30164754644072794
0.55264      0.3005752442705038
0.5566300000000001      0.2995131891557432
0.5606200000000001      0.2984612803266585
0.5646100000000001      0.297419415114702
0.5686000000000001      0.29638748919204017
0.57259      0.2953653967986672
0.5765800000000001      0.29435303095744075
0.58057      0.29335028367734123
0.5845600000000001      0.2923570461452655
0.5885500000000001      0.29137320890668283
0.5925400000000001      0.29039866203548786
0.5965300000000001      0.2894332952933935
0.60052      0.2884769982792164
0.6045100000000001      0.2875296605684077
0.6085      0.2865911718431887
0.6124900000000001      0.2856614220136526
0.6164800000000001      0.28474030133018996
0.6204700000000001      0.2838277004876012
0.6244600000000001      0.28292351072125
0.6284500000000001      0.28202762389561564
0.6324400000000001      0.2811399325855905
0.63643      0.2802603301508716
0.6404200000000001      0.27938871080378214
0.64441      0.2785249696708567
0.6484000000000001      0.27766900284851614
0.6523900000000001      0.27682070745314685
0.6563800000000001      0.2759799816658957
0.6603700000000001      0.27514672477247865
0.6643600000000001      0.27432083719829464
0.6683500000000001      0.2735022205391269
0.67234      0.27269077758770055
0.6763300000000001      0.27188641235636185
0.68032      0.27108903009612795
0.6843100000000001      0.2702985373123504
0.6883000000000001      0.2695148417772241
0.6922900000000001      0.268737852539363
0.6962800000000001      0.26796747993065473
0.7002700000000001      0.26720363557059595
0.7042600000000001      0.2664462323683014
0.70825      0.26569518452236807
0.7122400000000001      0.2649504075187695
0.7162300000000001      0.26421181812694394
0.7202200000000001      0.2634793343942308
0.7242100000000001      0.2627528756388039
0.7282000000000001      0.26203236244123873
0.7321900000000001      0.26131771663484404
0.7361800000000001      0.26060886129488064
0.7401700000000001      0.2599057207267813
0.7441600000000002      0.25920822045348074
0.7481500000000001      0.25851628720195424
0.7521400000000001      0.25782984888906063
0.7561300000000001      0.2571488346067759
0.7601200000000001      0.25647317460689906
0.7641100000000001      0.255802800285306
0.7681000000000001      0.2551376441658207
0.77209      0.25447763988376965
0.7760800000000001      0.25382272216927726
0.7800700000000002      0.25317282683035963
0.7840600000000001      0.25252789073586546
0.7880500000000001      0.25188785179831086
0.7920400000000001      0.2512526489566513
0.7960300000000001      0.25062222215902813
0.8000200000000001      0.24999651234552583
0.8040100000000001      0.24937546143097136
0.808      0.24875901228780486
0.8119900000000001      0.2481471087290475
0.8159800000000001      0.24753969549138966
0.8199700000000001      0.2469367182184211
0.8239600000000001      0.24633812344402034
0.8279500000000001      0.24574385857592135
0.8319400000000001      0.24515387187947027
0.8359300000000001      0.24456811246158663
0.8399200000000001      0.24398653025493805
0.8439100000000002      0.24340907600233963
0.8479000000000001      0.24283570124138465
0.8518900000000001      0.24226635828931403
0.8558800000000001      0.2417010002281297
0.8598700000000001      0.24113958088995605
0.8638600000000001      0.2405820548426531
0.8678500000000001      0.24002837737568378
0.8718400000000002      0.23947850448623717
0.8758300000000001      0.2389323928656077
0.8798200000000002      0.2383899998858317
0.8838100000000001      0.23785128358657978
0.8878000000000001      0.2373162026623052
0.8917900000000001      0.2367847164496457
0.8957800000000001      0.23625678491507776
0.8997700000000001      0.23573236864282077
0.9037600000000001      0.23521142882298815
0.9077500000000002      0.23469392723998322
0.9117400000000001      0.23417982626113668
0.9157300000000002      0.23366908882558107
0.9197200000000001      0.2331616784333609
0.9237100000000001      0.23265755913477268
0.9277000000000001      0.2321566955199322
0.9316900000000001      0.23165905270856488
0.9356800000000001      0.23116459634001502
0.9396700000000001      0.23067329256347016
0.9436600000000002      0.23018510802839603
0.9476500000000001      0.22970000987517836
0.9516400000000002      0.22921796572596712
0.9556300000000001      0.2287389436757191
0.9596200000000001      0.22826291228343468
0.9636100000000001      0.2277898405635847
0.9676000000000001      0.22731969797772286
0.9715900000000002      0.2268524544262807
0.9755800000000001      0.22638808024053927
0.9795700000000002      0.22592654617477578
0.9835600000000001      0.22546782339857913
0.9875500000000001      0.2250118834893318
0.9915400000000001      0.22455869842485393
0.9955300000000001      0.22410824057620554
0.9995200000000002      0.2236604827006436
1.0035100000000001      0.22321539793472997
1.0075      0.222772959787587
1.0114900000000002      0.22233314213429692
1.0154800000000002      0.22189591920944204
1.01947      0.22146126560078203
1.02346      0.22102915624306524
1.0274500000000002      0.2205995664119707
1.0314400000000001      0.22017247171817803
1.03543      0.21974784810156156
1.0394200000000002      0.2193256718255065
1.0434100000000002      0.2189059194713435
1.0474      0.21848856793289936
1.05139      0.21807359441116062
1.0553800000000002      0.2176609764090477
1.0593700000000001      0.21725069172629685
1.06336      0.21684271845444733
1.0673500000000002      0.21643703497193117
1.0713400000000002      0.21603361993926337
1.0753300000000001      0.21563245229432984
1.07932      0.2152335112477714
1.0833100000000002      0.21483677627846018
1.0873000000000002      0.21444222712906835
1.09129      0.21404984380172482
1.09528      0.21365960655375948
1.0992700000000002      0.21327149589353214
1.1032600000000001      0.21288549257634432
1.10725      0.212501577600432
1.1112400000000002      0.21211973220303765
1.1152300000000002      0.21173993785655948
1.11922      0.21136217626477596
1.12321      0.2109864293591443
1.1272000000000002      0.21061267929517105
1.1311900000000001      0.21024090844885315
1.13518      0.20987109941318735
1.1391700000000002      0.20950323499474738
1.1431600000000002      0.20913729821032698
1.1471500000000001      0.20877327228364637
1.15114      0.2084111406421225
1.1551300000000002      0.20805088691369997
1.1591200000000002      0.20769249492374245
1.16311      0.2073359486919824
1.1671000000000002      0.20698123242952862
1.1710900000000002      0.20662833053592944
1.1750800000000001      0.20627722759629105
1.17907      0.20592790837844957
1.1830600000000002      0.2055803578301954
1.1870500000000002      0.2052345610765492
1.19104      0.20489050341708767
1.1950300000000003      0.2045481703233188
1.1990200000000002      0.20420754743610542
1.2030100000000001      0.20386862056313498
1.207      0.2035313756764363
1.2109900000000002      0.20319579890994074
1.2149800000000002      0.2028618765570877
1.21897      0.20252959506847307
1.2229600000000003      0.20219894104954023
1.2269500000000002      0.20186990125831214
1.2309400000000001      0.2015424626031639
1.23493      0.20121661214063505
1.2389200000000002      0.20089233707328039
1.2429100000000002      0.2005696247475592
1.2469000000000001      0.20024846265176127
1.25089      0.1999288384139695
1.2548800000000002      0.19961073980005806
1.2588700000000002      0.1992941547117256
1.26286      0.19897907118456273
1.2668500000000003      0.19866547738615253
1.2708400000000002      0.1983533616142047
1.2748300000000001      0.1980427122947209
1.27882      0.19773351798019254
1.2828100000000002      0.19742576734782857
1.2868000000000002      0.1971194491978143
1.29079      0.1968145524515991
1.2947800000000003      0.19651106615021371
1.2987700000000002      0.19620897945261584
1.3027600000000001      0.19590828163406346
1.30675      0.19560896208451567
1.3107400000000002      0.19531101030706033
1.3147300000000002      0.1950144159163678
1.3187200000000001      0.19471916863717068
1.3227100000000003      0.19442525830276844
1.3267000000000002      0.1941326748535572
1.3306900000000002      0.19384140833558355
1.33468      0.19355144889912224
1.3386700000000002      0.1932627867972769
1.3426600000000002      0.1929754123846043
1.3466500000000001      0.19268931611576043
1.35064      0.19240448854416892
1.3546300000000002      0.1921209203207108
1.3586200000000002      0.19183860219243584
1.36261      0.1915575250012942
1.3666000000000003      0.19127767968288872
1.3705900000000002      0.19099905726524724
1.3745800000000001      0.1907216488676144
1.37857      0.19044544569926264
1.3825600000000002      0.1901704390583224
1.3865500000000002      0.18989662033063046
1.39054      0.18962398098859656
1.3945300000000003      0.1893525125900882
1.3985200000000002      0.1890822067773326
1.4025100000000001      0.18881305527583578
1.4065      0.18854504989331894
1.4104900000000002      0.18827818251867098
1.4144800000000002      0.18801244512091755
1.4184700000000001      0.18774782974820592
1.4224600000000003      0.1874843285268055
1.4264500000000002      0.18722193366012393
1.4304400000000002      0.1869606374277382
1.43443      0.1867004321844402
1.4384200000000003      0.18644131035929778
1.4424100000000002      0.18618326445472905
1.4464000000000001      0.1859262870455914
1.4503900000000003      0.18567037077828405
1.4543800000000002      0.18541550836986437
1.4583700000000002      0.18516169260717724
1.46236      0.18490891634599757
1.4663500000000003      0.1846571725101858
1.4703400000000002      0.1844064540908559
1.4743300000000001      0.1841567541455558
1.4783200000000003      0.18390806579745966
1.4823100000000002      0.18366038223457298
1.4863000000000002      0.18341369670894833
1.4902900000000001      0.1831680025359136
1.4942800000000003      0.18292329309331087
1.4982700000000002      0.18267956182074704
1.5022600000000002      0.18243680221885492
1.50625      0.18219500784856538
1.5102400000000002      0.18195417233038996
1.5142300000000002      0.18171428934371398
1.5182200000000001      0.1814753526260998
1.5222100000000003      0.18123735597260004
1.5262000000000002      0.1810002932350811
1.5301900000000002      0.18076415832155565
1.53418      0.18052894519552545
1.5381700000000003      0.18029464787533306
1.5421600000000002      0.18006126043352297
1.5461500000000001      0.17982877699621166
1.5501400000000003      0.17959719174246686
1.5541300000000002      0.17936649890369524
1.5581200000000002      0.17913669276303906
1.56211      0.17890776765478095
1.5661000000000003      0.1786797179637573
1.5700900000000002      0.17845253812477996
1.5740800000000001      0.17822622262206542
1.5780700000000003      0.17800076598867276
1.5820600000000002      0.17777616280594868
1.5860500000000002      0.1775524077029807
1.5900400000000001      0.17732949535605758
1.5940300000000003      0.17710742048813743
1.5980200000000002      0.17688617786832297
1.6020100000000002      0.17666576231134395
1.606      0.1764461686770469
1.6099900000000003      0.17622739186989148
1.6139800000000002      0.17600942683845403
1.6179700000000001      0.17579226857493757
1.6219600000000003      0.17557591211468856
1.6259500000000002      0.17536035253572033
1.6299400000000002      0.17514558495824256
1.63393      0.1749316045441975
1.6379200000000003      0.17471840649680212
1.6419100000000002      0.17450598606009654
1.6459000000000001      0.17429433851849827
1.6498900000000003      0.17408345919636278
1.6538800000000002      0.17387334345754943
1.6578700000000002      0.1736639867049935
1.6618600000000001      0.1734553843802838
1.6658500000000003      0.17324753196324558
1.6698400000000002      0.17304042497152947
1.6738300000000002      0.17283405896020518
1.6778200000000003      0.17262842952136098
1.6818100000000002      0.1724235322837083
1.6858000000000002      0.17221936291219128
1.6897900000000001      0.17201591710760172
1.6937800000000003      0.1718131906061987
1.6977700000000002      0.17161117917933338
1.7017600000000002      0.17140987863307847
1.7057500000000003      0.17120928480786254
1.7097400000000003      0.17100939357810907
1.7137300000000002      0.17081020085188
1.7177200000000001      0.1706117025705239
1.7217100000000003      0.17041389470832877
1.7257000000000002      0.17021677327217893
1.7296900000000002      0.17002033430121663
1.7336800000000003      0.16982457386650762
1.7376700000000003      0.1696294880707113
1.7416600000000002      0.16943507304775463
1.7456500000000001      0.16924132496251043
1.7496400000000003      0.1690482400104797
1.7536300000000002      0.1688558144174776
1.7576200000000002      0.16866404443932398
1.7616100000000001      0.16847292636153705
1.7656000000000003      0.16828245649903129
1.7695900000000002      0.1680926311958192
1.7735800000000002      0.16790344682471622
1.7775700000000003      0.16771489978704995
1.7815600000000003      0.16752698651237247
1.7855500000000002      0.16733970345817636
1.7895400000000001      0.16715304710961423
1.7935300000000003      0.16696701397922176
1.7975200000000002      0.16678160060664388
1.8015100000000002      0.16659680355836448
1.8055000000000003      0.1664126194274394
1.8094900000000003      0.1662290448332326
1.8134800000000002      0.16604607642115546
1.8174700000000001      0.16586371086240947
1.8214600000000003      0.16568194485373175
1.8254500000000002      0.16550077511714378
1.8294400000000002      0.1653201983997031
1.8334300000000003      0.165140211473258
1.8374200000000003      0.16496081113420513
1.8414100000000002      0.16478199420325007
1.8454000000000002      0.1646037575251706
1.8493900000000003      0.16442609796858282
1.8533800000000002      0.16424901242571036
1.8573700000000002      0.16407249781215563
1.8613600000000001      0.16389655106667453
1.8653500000000003      0.16372116915095333
1.8693400000000002      0.1635463490493883
1.8733300000000002      0.16337208776886794
1.8773200000000003      0.16319838233855774
1.8813100000000003      0.1630252298096875
1.8853000000000002      0.16285262725534105
1.8892900000000001      0.1626805717702484
1.8932800000000003      0.16250906047058047
1.8972700000000002      0.16233809049374598
1.9012600000000002      0.1621676589981908
1.9052500000000003      0.16199776316319958
1.9092400000000003      0.16182840018869976
1.9132300000000002      0.16165956729506764
1.9172200000000001      0.16149126172293676
1.9212100000000003      0.1613234807330086
1.9252000000000002      0.16115622160586526
1.9291900000000002      0.1609894816417843
1.9331800000000003      0.16082325816055576
1.9371700000000003      0.16065754850130123
1.9411600000000002      0.16049235002229487
1.9451500000000002      0.16032766010078656
1.9491400000000003      0.16016347613282714
1.9531300000000003      0.1599997955330953
1.9571200000000002      0.15983661573472668
1.9611100000000004      0.15967393418914475
1.9651000000000003      0.15951174836589377
1.9690900000000002      0.15935005575247335
1.9730800000000002      0.15918885385417492
1.9770700000000003      0.1590281401939202
1.9810600000000003      0.15886791231210132
1.9850500000000002      0.15870816776642263
1.9890400000000004      0.1585489041317444
1.9930300000000003      0.15839011899992822
1.9970200000000002      0.15823180997968395
2.00101      0.15807397469641862
2.0050000000000003      0.1579166107920867
2.0089900000000003      0.15775971592504218
2.01298      0.15760328776989227
2.01697      0.15744732401735265
2.02096      0.15729182237410405
2.02495      0.15713678056265104
2.02894      0.1569821963211815
2.03293      0.15682806740342836
2.03692      0.15667439157853233
2.0409100000000002      0.15652116663090632
2.0449      0.1563683903601013
2.04889      0.15621606058067358
2.05288      0.15606417512205342
2.05687      0.15591273182841534
2.06086      0.1557617285585493
2.06485      0.15561116318573381
2.0688400000000002      0.15546103359761002
2.07283      0.15531133769605718
2.07682      0.15516207339706964
2.08081      0.15501323863063488
2.0848      0.15486483134061296
2.08879      0.1547168494846173
2.09278      0.15456929103389644
2.0967700000000002      0.15442215397321737
2.10076      0.15427543630075008
2.10475      0.15412913602795275
2.10874      0.1539832511794589
2.11273      0.15383777979296528
2.11672      0.15369271991912095
2.12071      0.15354806962141768
2.1247000000000003      0.15340382697608118
2.12869      0.15325999007196392
2.13268      0.15311655701043847
2.13667      0.15297352590529245
2.14066      0.15283089488262433
2.14465      0.1526886620807402
2.14864      0.15254682565005181
2.1526300000000003      0.15240538375297552
2.15662      0.15226433456383237
2.16061      0.15212367626874898
2.1646      0.15198340706555963
2.16859      0.15184352516370936
2.17258      0.15170402878415784
2.17657      0.1515649161592845
2.18056      0.1514261855327943
2.18455      0.1512878351596246
2.18854      0.15114986330585317
2.19253      0.15101226824860672
2.19652      0.15087504827597056
2.20051      0.15073820168689925
2.2045      0.1506017267911279
2.20849      0.15046562190908458
2.2124800000000002      0.15032988537180345
2.21647      0.1501945155208389
2.22046      0.15005951070818033
2.22445      0.1499248692961679
2.22844      0.14979058965740913
2.23243      0.1496566701746963
2.23642      0.14952310924092463
2.2404100000000002      0.14938990525901122
2.2444      0.14925705664181493
2.24839      0.1491245618120569
2.25238      0.14899241920224188
2.25637      0.14886062725458044
2.26036      0.1487291844209117
2.26435      0.14859808916262704
2.2683400000000002      0.14846733995059444
2.27233      0.14833693526508354
2.27632      0.14820687359569157
2.28031      0.14807715344126957
2.2843      0.14794777330984998
2.28829      0.14781873171857443
2.29228      0.14769002719362223
2.2962700000000003      0.14756165827013984
2.30026      0.1474336234921708
2.30425      0.1473059214125863
2.30824      0.14717855059301665
2.31223      0.147051509603783
2.31622      0.14692479702383013
2.32021      0.14679841144065964
2.3242000000000003      0.14667235145026375
2.32819      0.14654661565705993
2.33218      0.14642120267382583
2.33617      0.14629611112163518
2.34016      0.14617133962979387
2.34415      0.1460468868357772
2.34814      0.14592275138516714
2.3521300000000003      0.14579893193159044
2.35612      0.1456754271366574
2.36011      0.14555223566990105
2.3641      0.14542935620871694
2.36809      0.1453067874383035
2.37208      0.14518452805160303
2.37607      0.14506257674924306
2.3800600000000003      0.14494093223947835
2.3840500000000002      0.1448195932381336
2.38804      0.14469855846854615
2.39203      0.14457782666151
2.39602      0.14445739655521958
2.40001      0.1443372668952145
2.404      0.14421743643432464
2.4079900000000003      0.14409790393261576
2.4119800000000002      0.14397866815733565
2.41597      0.14385972788286072
2.41996      0.14374108189064308
2.42395      0.143622728969158
2.42794      0.14350466791385225
2.43193      0.1433868975270922
2.4359200000000003      0.1432694166181131
2.4399100000000002      0.14315222400296848
2.4439      0.14303531850447987
2.44789      0.1429186989521873
2.45188      0.1428023641823
2.45587      0.1426863130376477
2.45986      0.14257054436763208
2.46385      0.1424550570281792
2.4678400000000003      0.1423398498816917
2.47183      0.1422249217970019
2.47582      0.1421102716493251
2.47981      0.14199589832021337
2.4838      0.1418818006975096
2.48779      0.1417679776753024
2.49178      0.14165442815388063
2.4957700000000003      0.1415411510396892
2.49976      0.14142814524528458
2.50375      0.14131540968929096
2.50774      0.14120294329635694
2.51173      0.14109074499711233
2.51572      0.1409788137281254
2.51971      0.14086714843186074
2.5237000000000003      0.14075574805663713
2.52769      0.14064461155658592
2.53168      0.14053373789160994
2.53567      0.1404231260273425
2.53966      0.14031277493510683
2.54365      0.1402026835918761
2.54764      0.14009285098023325
2.5516300000000003      0.13998327608833183
2.5556200000000002      0.13987395790985677
2.55961      0.13976489544398535
2.5636      0.13965608769534893
2.56759      0.13954753367399478
2.57158      0.13943923239534822
2.57557      0.13933118288017501
2.5795600000000003      0.13922338415454433
2.5835500000000002      0.13911583524979185
2.58754      0.1390085352024831
2.59153      0.13890148305437733
2.59552      0.1387946778523915
2.59951      0.13868811864856462
2.6035      0.1385818045000225
2.6074900000000003      0.13847573446894265
2.6114800000000002      0.13836990762251955
2.61547      0.13826432303293015
2.61946      0.1381589797772998
2.62345      0.13805387693766824
2.62744      0.1379490136009562
2.63143      0.13784438885893183
2.6354200000000003      0.13774000180817783
2.6394100000000003      0.13763585155005875
2.6434      0.13753193719068826
2.64739      0.13742825784089713
2.65138      0.13732481261620122
2.65537      0.13722160063676977
2.65936      0.13711862102739394
2.6633500000000003      0.1370158729174557
2.6673400000000003      0.13691335544089694
2.67133      0.1368110677361887
2.67532      0.1367090089463009
2.67931      0.136607178218672
2.6833      0.13650557470517927
2.68729      0.136404197562109
2.69128      0.13630304595012724
2.6952700000000003      0.13620211903425028
2.69926      0.13610141598381612
2.70325      0.1360009359724554
2.70724      0.13590067817806317
2.71123      0.13580064178277051
2.71522      0.13570082597291647
2.71921      0.13560122993902043
2.7232000000000003      0.13550185287575436
2.7271900000000002      0.13540269398191568
2.73118      0.13530375246039977
2.73517      0.13520502751817354
2.73916      0.1351065183662483
2.74315      0.1350082242196535
2.74714      0.13491014429741047
2.7511300000000003      0.13481227782250624
2.7551200000000002      0.13471462402186773
2.75911      0.13461718212633625
2.7631      0.13451995137064174
2.76709      0.13442293099337788
2.77108      0.1343261202369768
2.77507      0.13422951834768426
2.7790600000000003      0.13413312457553514
2.7830500000000002      0.1340369381743289
2.78704      0.13394095840160533
2.79103      0.1338451845186204
2.79502      0.1337496157903225
2.79901      0.1336542514853287
2.803      0.13355909087590123
2.8069900000000003      0.13346413323792414
2.8109800000000003      0.1333693778508802
2.81497      0.13327482399782795
2.81896      0.1331804709653788
2.82295      0.1330863180436746
2.82694      0.13299236452636504
2.83093      0.1328986097105855
2.8349200000000003      0.13280505289693498
2.8389100000000003      0.13271169338945407
2.8429      0.13261853049560338
2.84689      0.1325255635262417
2.85088      0.13243279179560494
2.85487      0.13234021462128454
2.85886      0.13224783132420664
2.8628500000000003      0.13215564122861104
2.8668400000000003      0.1320636436620304
2.87083      0.13197183795526984
2.87482      0.1318802234423862
2.87881      0.13178879946066796
2.8828      0.13169756535061514
2.88679      0.1316065204559191
2.8907800000000003      0.13151566412344287
2.8947700000000003      0.13142499570320154
2.8987600000000002      0.13133451454834255
2.90275      0.13124422001512634
2.90674      0.13115411146290729
2.91073      0.13106418825411437
2.91472      0.13097444975423245
2.9187100000000004      0.13088489533178327
2.9227000000000003      0.13079552435830694
2.9266900000000002      0.13070633620834332
2.93068      0.13061733025941372
2.93467      0.13052850589200252
2.93866      0.1304398624895392
2.94265      0.13035139943838034
2.9466400000000004      0.1302631161277916
2.9506300000000003      0.13017501194993034
2.9546200000000002      0.1300870862998277
2.95861      0.12999933857537146
2.9626      0.12991176817728842
2.96659      0.12982437450912748
2.97058      0.1297371569772424
2.97457      0.12965011499077492
2.9785600000000003      0.12956324796163798
2.9825500000000003      0.129476555304499
2.98654      0.12939003643676336
2.99053      0.12930369077855783
2.99452      0.12921751775271434
2.99851      0.12913151678475385
3.0025      0.1290456873028701
3.0064900000000003      0.1289600287379138
3.0104800000000003      0.1288745405233766
3.01447      0.12878922209537555
3.01846      0.12870407289263733
3.02245      0.1286190923564828
3.02644      0.12853427993081173
3.03043      0.12844963506208718
3.0344200000000003      0.1283651571993206
3.0384100000000003      0.12828084579405682
3.0424      0.1281967003003589
3.04639      0.12811272017479325
3.05038      0.12802890487641516
3.05437      0.12794525386675396
3.05836      0.12786176660979845
3.0623500000000003      0.12777844257198265
3.0663400000000003      0.12769528122217133
3.0703300000000002      0.1276122820316459
3.07432      0.1275294444740902
3.07831      0.12744676802557653
3.0823      0.1273642521645517
3.08629      0.12728189637182324
3.0902800000000004      0.12719970013054577
3.0942700000000003      0.12711766292620708
3.0982600000000002      0.127035784246615
3.10225      0.12695406358188369
3.10624      0.12687250042442033
3.11023      0.12679109426891202
3.11422      0.12670984461231258
3.1182100000000004      0.1266287509538293
3.1222000000000003      0.1265478127949103
3.1261900000000002      0.12646702963923143
3.13018      0.1263864009926835
3.13417      0.12630592636335972
3.13816      0.12622560526154294
3.14215      0.12614543719969326
3.1461400000000004      0.12606542169243554
3.1501300000000003      0.125985558256547
3.1541200000000003      0.12590584641094513
3.15811      0.12582628567667534
3.1621      0.12574687557689893
3.16609      0.12566761563688117
3.17008      0.1255885053839793
3.1740700000000004      0.12550954434763067
3.1780600000000003      0.1254307320593411
3.1820500000000003      0.12535206805267302
3.18604      0.12527355186323405
3.19003      0.1251951830286654
3.19402      0.12511696108863044
3.19801      0.1250388855848034
3.202      0.124960956060858
3.2059900000000003      0.12488317206245632
3.2099800000000003      0.12480553313723766
3.21397      0.12472803883480743
3.21796      0.12465068870672628
3.22195      0.12457348230649913
3.22594      0.12449641918956433
3.22993      0.12441949891328302
3.2339200000000003      0.12434272103692827
3.2379100000000003      0.12426608512167467
3.2419000000000002      0.12418959073058765
3.24589      0.12411323742861308
3.24988      0.12403702478256687
3.25387      0.12396095236112466
3.25786      0.12388501973481152
3.2618500000000004      0.12380922647599181
3.2658400000000003      0.1237335721588591
3.2698300000000002      0.12365805635942602
3.27382      0.12358267865551437
3.27781      0.12350743862674513
3.2818      0.1234323358545287
3.28579      0.12335736992205508
3.2897800000000004      0.12328254041428414
3.2937700000000003      0.12320784691793596
3.2977600000000002      0.12313328902148128
3.30175      0.12305886631513198
3.30574      0.12298457839083157
3.30973      0.12291042484224582
3.31372      0.12283640526475348
3.3177100000000004      0.12276251925543685
3.3217000000000003      0.12268876641307283
3.3256900000000003      0.12261514633812348
3.32968      0.12254165863272712
3.33367      0.12246830290068925
3.33766      0.12239507874747353
3.34165      0.12232198578019293
3.3456400000000004      0.12224902360760088
3.3496300000000003      0.12217619184008245
3.3536200000000003      0.12210349008964555
3.35761      0.12203091796991236
3.3616      0.12195847509611066
3.36559      0.12188616108506523
3.36958      0.12181397555518936
3.3735700000000004      0.12174191812647643
3.3775600000000003      0.12166998842049145
3.3815500000000003      0.1215981860603628
3.38554      0.12152651067077376
3.38953      0.12145496187795447
3.39352      0.12138353930967365
3.39751      0.12131224259523045
3.4015000000000004      0.12124107136544639
3.4054900000000004      0.12117002525265741
3.4094800000000003      0.12109910389070572
3.4134700000000002      0.12102830691493202
3.41746      0.12095763396216756
3.42145      0.12088708467072638
3.42544      0.12081665868039743
3.4294300000000004      0.12074635563243694
3.4334200000000004      0.12067617516956068
3.4374100000000003      0.12060611693593642
3.4414000000000002      0.1205361805771762
3.44539      0.120466365740329
3.44938      0.12039667207387308
3.45337      0.1203270992277087
3.4573600000000004      0.12025764685315052
3.4613500000000004      0.12018831460292054
3.4653400000000003      0.1201191021311406
3.4693300000000002      0.12005000909332518
3.47332      0.11998103514637423
3.47731      0.11991217994856601
3.4813      0.11984344315954991
3.48529      0.11977482444033956
3.4892800000000004      0.11970632345330555
3.4932700000000003      0.11963793986216867
3.4972600000000003      0.11956967333199292
3.50125      0.11950152352917852
3.50524      0.11943349012145521
3.50923      0.11936557277787536
3.51322      0.1192977711688072
3.5172100000000004      0.11923008496592814
3.5212000000000003      0.11916251384221814
3.5251900000000003      0.1190950574719529
3.52918      0.11902771553069746
3.53317      0.11896048769529954
3.53716      0.11889337364388305
3.54115      0.11882637305584166
3.5451400000000004      0.11875948561183225
3.5491300000000003      0.11869271099376866
3.5531200000000003      0.11862604888481522
3.55711      0.11855949896938055
3.5611      0.11849306093311114
3.56509      0.11842673446288529
3.56908      0.11836051924680674
3.5730700000000004      0.11829441497419861
3.5770600000000004      0.11822842133559727
3.5810500000000003      0.11816253802274626
3.5850400000000002      0.11809676472859013
3.58903      0.11803110114726864
3.59302      0.11796554697411059
3.59701      0.11790010190562797
3.6010000000000004      0.11783476563951008
3.6049900000000004      0.11776953787461762
3.6089800000000003      0.11770441831097687
3.6129700000000002      0.11763940664977392
3.61696      0.11757450259334885
3.62095      0.1175097058451901
3.62494      0.1174450161099287
3.6289300000000004      0.11738043309333264
3.6329200000000004      0.11731595650230126
3.6369100000000003      0.11725158604485966
3.6409000000000002      0.11718732143015317
3.64489      0.11712316236844174
3.64888      0.11705910857109456
3.65287      0.11699515975058457
3.6568600000000004      0.116931315620483
3.6608500000000004      0.11686757589545405
3.6648400000000003      0.11680394029124946
3.6688300000000003      0.11674040852470326
3.67282      0.11667698031372642
3.67681      0.11661365537730163
3.6808      0.11655043343547802
3.6847900000000005      0.11648731420936603
3.6887800000000004      0.11642429742113218
3.6927700000000003      0.11636138279399401
3.6967600000000003      0.11629857005221486
3.70075      0.11623585892109888
3.70474      0.11617324912698598
3.70873      0.1161107403972468
3.71272      0.1160483324602777
3.7167100000000004      0.11598602504549585
3.7207000000000003      0.11592381788333424
3.7246900000000003      0.11586171070523688
3.72868      0.11579970324365381
3.73267      0.11573779523203635
3.73666      0.11567598640483227
3.74065      0.11561427649748095
3.7446400000000004      0.1155526652464087
3.7486300000000004      0.11549115238902401
3.7526200000000003      0.1154297376637128
3.7566100000000002      0.1153684208098338
3.7606      0.11530720156771392
3.76459      0.11524607967864353
3.76858      0.11518505488487205
3.7725700000000004      0.11512412692960314
3.7765600000000004      0.1150632955569904
3.7805500000000003      0.11500256051213269
3.7845400000000002      0.11494192154106975
3.78853      0.11488137839077767
3.79252      0.11482093080916447
3.79651      0.11476057854506576
3.8005000000000004      0.11470032134824024
3.8044900000000004      0.11464015896936541
3.8084800000000003      0.11458009116003327
3.8124700000000002      0.11452011767274593
3.81646      0.1144602382609114
3.82045      0.11440045267883926
3.82444      0.11434076068173651
3.8284300000000004      0.11428116202570332
3.8324200000000004      0.11422165646772879
3.8364100000000003      0.11416224376568687
3.8404000000000003      0.11410292367833222
3.84439      0.11404369596529598
3.84838      0.11398456038708189
3.85237      0.11392551670506199
3.8563600000000005      0.11386656468147273
3.8603500000000004      0.11380770407941093
3.8643400000000003      0.11374893466282973
3.8683300000000003      0.11369025619653458
3.87232      0.11363166844617947
3.87631      0.11357317117826275
3.8803      0.11351476416012345
3.8842900000000005      0.11345644715993722
3.8882800000000004      0.11339821994671255
3.8922700000000003      0.11334008229028694
3.8962600000000003      0.11328203396132303
3.90025      0.11322407473130483
3.90424      0.1131662043725339
3.90823      0.11310842265812568
3.9122200000000005      0.11305072936200566
3.9162100000000004      0.11299312425890574
3.9202000000000004      0.11293560712436047
3.9241900000000003      0.11287817773470342
3.9281800000000002      0.1128208358670635
3.93217      0.11276358129936137
3.93616      0.11270641381030579
3.9401500000000005      0.11264933317939002
3.9441400000000004      0.11259233918688827
3.9481300000000004      0.11253543161385217
3.9521200000000003      0.11247861024210717
3.9561100000000002      0.11242187485424911
3.9601      0.11236522523364063
3.96409      0.11230866116440781
3.9680800000000005      0.11225218243143659
3.9720700000000004      0.11219578882036943
3.9760600000000004      0.11213948011760189
3.9800500000000003      0.11208325611027914
3.9840400000000002      0.1120271165862927
3.98803      0.11197106133427698
3.99202      0.11191509014360601
3.99601      0.11185920280439009
4.0      0.11180339910747243
